Date,Open,High,Low,Close,Adj Close,Volume
2016-04-25 00:00:00+09:00,9140.0,9172.0,9034.0,9131.0,8084.12744140625,1115500
2016-04-26 00:00:00+09:00,9140.0,9170.0,9035.0,9163.0,8112.45703125,1054600
2016-04-27 00:00:00+09:00,9191.0,9209.0,9093.0,9158.0,8108.03125,1098800
2016-04-28 00:00:00+09:00,9229.0,9378.0,8873.0,8884.0,7865.44580078125,1796000
2016-05-02 00:00:00+09:00,8568.0,8760.0,8525.0,8758.0,7753.892578125,1591700
2016-05-06 00:00:00+09:00,8743.0,8755.0,8613.0,8677.0,7682.17919921875,1213700
2016-05-09 00:00:00+09:00,8716.0,8789.0,8618.0,8622.0,7633.48388671875,1129100
2016-05-10 00:00:00+09:00,8665.0,8844.0,8637.0,8822.0,7810.5556640625,1404500
2016-05-11 00:00:00+09:00,8874.0,9097.0,8860.0,9018.0,7984.08251953125,1360100
2016-05-12 00:00:00+09:00,8967.0,9229.0,8946.0,9224.0,8166.462890625,1403800
2016-05-13 00:00:00+09:00,9350.0,9380.0,9041.0,9085.0,8043.40380859375,1729200
2016-05-16 00:00:00+09:00,9003.0,9297.0,9000.0,9220.0,8162.92431640625,810400
2016-05-17 00:00:00+09:00,9326.0,9345.0,9202.0,9300.0,8233.751953125,782800
2016-05-18 00:00:00+09:00,9300.0,9328.0,9140.0,9170.0,8118.6552734375,932100
2016-05-19 00:00:00+09:00,9284.0,9293.0,9152.0,9208.0,8152.2998046875,534900
2016-05-20 00:00:00+09:00,9189.0,9234.0,9072.0,9213.0,8156.72509765625,586600
2016-05-23 00:00:00+09:00,9192.0,9209.0,9015.0,9174.0,8122.19775390625,637900
2016-05-24 00:00:00+09:00,9158.0,9201.0,9085.0,9159.0,8108.916015625,831500
2016-05-25 00:00:00+09:00,9309.0,9338.0,9270.0,9284.0,8219.587890625,646600
2016-05-26 00:00:00+09:00,9350.0,9379.0,9206.0,9236.0,8177.08935546875,662500
2016-05-27 00:00:00+09:00,9234.0,9356.0,9210.0,9309.0,8241.720703125,680900
2016-05-30 00:00:00+09:00,9360.0,9398.0,9325.0,9395.0,8317.8603515625,573200
2016-05-31 00:00:00+09:00,9382.0,9500.0,9308.0,9496.0,8407.2802734375,1038200
2016-06-01 00:00:00+09:00,9360.0,9437.0,9275.0,9311.0,8243.490234375,1133600
2016-06-02 00:00:00+09:00,9189.0,9202.0,8981.0,8997.0,7965.4912109375,1279100
2016-06-03 00:00:00+09:00,8990.0,9063.0,8952.0,8971.0,7942.4716796875,1033600
2016-06-06 00:00:00+09:00,8752.0,8925.0,8748.0,8891.0,7871.6435546875,867700
2016-06-07 00:00:00+09:00,8910.0,8979.0,8871.0,8898.0,7877.83935546875,863700
2016-06-08 00:00:00+09:00,8911.0,8989.0,8851.0,8989.0,7958.41015625,687500
2016-06-09 00:00:00+09:00,8998.0,9125.0,8968.0,9023.0,7988.509765625,915400
2016-06-10 00:00:00+09:00,9046.0,9049.0,8911.0,8963.0,7935.39013671875,1747000
2016-06-13 00:00:00+09:00,8760.0,8785.0,8646.0,8646.0,7654.7314453125,952900
2016-06-14 00:00:00+09:00,8666.0,8719.0,8547.0,8626.0,7637.0234375,1103000
2016-06-15 00:00:00+09:00,8476.0,8609.0,8401.0,8548.0,7567.9677734375,1458800
2016-06-16 00:00:00+09:00,8487.0,8515.0,8227.0,8256.0,7309.447265625,1491800
2016-06-17 00:00:00+09:00,8366.0,8467.0,8310.0,8368.0,7408.6064453125,1501000
2016-06-20 00:00:00+09:00,8518.0,8681.0,8516.0,8630.0,7640.5673828125,1623700
2016-06-21 00:00:00+09:00,8696.0,8764.0,8616.0,8739.0,7737.0703125,1167400
2016-06-22 00:00:00+09:00,8739.0,8817.0,8681.0,8769.0,7763.63037109375,1065600
2016-06-23 00:00:00+09:00,8860.0,8929.0,8804.0,8922.0,7899.087890625,691400
2016-06-24 00:00:00+09:00,9052.0,9083.0,8031.0,8135.0,7202.31884765625,1987900
2016-06-27 00:00:00+09:00,8136.0,8209.0,8023.0,8134.0,7201.43408203125,1567600
2016-06-28 00:00:00+09:00,8014.0,8179.0,7945.0,8112.0,7181.955078125,1225500
2016-06-29 00:00:00+09:00,8262.0,8388.0,8107.0,8353.0,7395.32568359375,1758300
2016-06-30 00:00:00+09:00,8500.0,8620.0,8473.0,8514.0,7537.8662109375,1698000
2016-07-01 00:00:00+09:00,8563.0,8615.0,8425.0,8442.0,7474.12060546875,1007200
2016-07-04 00:00:00+09:00,8397.0,8508.0,8366.0,8486.0,7513.07666015625,571000
2016-07-05 00:00:00+09:00,8400.0,8514.0,8373.0,8440.0,7472.35009765625,739700
2016-07-06 00:00:00+09:00,8230.0,8277.0,8076.0,8195.0,7255.43994140625,1305700
2016-07-07 00:00:00+09:00,8120.0,8198.0,8080.0,8098.0,7169.5615234375,773900
2016-07-08 00:00:00+09:00,8145.0,8165.0,8028.0,8029.0,7108.47216796875,1338500
2016-07-11 00:00:00+09:00,8029.0,8029.0,8029.0,8029.0,7108.47216796875,0
2016-07-12 00:00:00+09:00,8797.0,8800.0,8611.0,8689.0,7692.80126953125,1237500
2016-07-13 00:00:00+09:00,8989.0,9016.0,8800.0,8828.0,7815.86767578125,1372900
2016-07-14 00:00:00+09:00,8787.0,8893.0,8767.0,8870.0,7853.05078125,841300
2016-07-15 00:00:00+09:00,8998.0,9128.0,8908.0,9067.0,8027.46533203125,1800700
2016-07-19 00:00:00+09:00,9223.0,9297.0,9176.0,9278.0,8214.2744140625,1358200
2016-07-20 00:00:00+09:00,9230.0,9369.0,9213.0,9347.0,8275.3623046875,1093700
2016-07-21 00:00:00+09:00,9448.0,9456.0,9337.0,9365.0,8291.298828125,780100
2016-07-22 00:00:00+09:00,9228.0,9315.0,9211.0,9254.0,8193.025390625,878300
2016-07-25 00:00:00+09:00,9311.0,9354.0,9199.0,9199.0,8144.33154296875,634300
2016-07-26 00:00:00+09:00,9103.0,9159.0,9003.0,9090.0,8047.82763671875,808000
2016-07-27 00:00:00+09:00,9166.0,9250.0,9095.0,9175.0,8123.08154296875,1046700
2016-07-28 00:00:00+09:00,9069.0,9114.0,8949.0,8959.0,7931.84716796875,976200
2016-07-29 00:00:00+09:00,8880.0,9128.0,8782.0,9012.0,7978.77197265625,1304600
2016-08-01 00:00:00+09:00,8863.0,9057.0,8828.0,9002.0,7969.91650390625,735000
2016-08-02 00:00:00+09:00,8850.0,8933.0,8780.0,8781.0,7774.25439453125,723200
2016-08-03 00:00:00+09:00,8543.0,8619.0,8529.0,8554.0,7573.279296875,1171500
2016-08-04 00:00:00+09:00,8532.0,8598.0,8425.0,8537.0,7558.22998046875,1116200
2016-08-05 00:00:00+09:00,8445.0,8532.0,8316.0,8350.0,7392.66796875,1377200
2016-08-08 00:00:00+09:00,8569.0,8685.0,8492.0,8682.0,7686.60595703125,933500
2016-08-09 00:00:00+09:00,8680.0,8819.0,8627.0,8791.0,7783.10791015625,695200
2016-08-10 00:00:00+09:00,9180.0,9215.0,9064.0,9164.0,8113.3427734375,1804600
2016-08-12 00:00:00+09:00,9203.0,9293.0,9090.0,9270.0,8207.1904296875,1294400
2016-08-15 00:00:00+09:00,9220.0,9333.0,9211.0,9284.0,8219.587890625,801000
2016-08-16 00:00:00+09:00,9319.0,9328.0,9155.0,9155.0,8105.37451171875,1051000
2016-08-17 00:00:00+09:00,9150.0,9268.0,9125.0,9226.0,8168.23388671875,890500
2016-08-18 00:00:00+09:00,9200.0,9341.0,9164.0,9223.0,8165.58056640625,1228700
2016-08-19 00:00:00+09:00,9209.0,9244.0,9152.0,9224.0,8166.462890625,855100
2016-08-22 00:00:00+09:00,9310.0,9378.0,9291.0,9352.0,8279.7890625,927600
2016-08-23 00:00:00+09:00,9344.0,9370.0,9178.0,9193.0,8139.02001953125,954400
2016-08-24 00:00:00+09:00,9114.0,9218.0,9104.0,9218.0,8161.1533203125,801600
2016-08-25 00:00:00+09:00,9116.0,9163.0,9089.0,9094.0,8051.3701171875,1339900
2016-08-26 00:00:00+09:00,9020.0,9066.0,8836.0,9000.0,7968.146484375,1671800
2016-08-29 00:00:00+09:00,9218.0,9359.0,9200.0,9296.0,8230.2099609375,981600
2016-08-30 00:00:00+09:00,9293.0,9379.0,9273.0,9308.0,8240.8349609375,755700
2016-08-31 00:00:00+09:00,9400.0,9600.0,9362.0,9589.0,8489.6142578125,1395300
2016-09-01 00:00:00+09:00,9560.0,9670.0,9472.0,9645.0,8539.19921875,1193200
2016-09-02 00:00:00+09:00,9681.0,9685.0,9554.0,9597.0,8496.69921875,750600
2016-09-05 00:00:00+09:00,9664.0,9683.0,9510.0,9523.0,8431.1845703125,597400
2016-09-06 00:00:00+09:00,9499.0,9620.0,9481.0,9600.0,8499.35546875,655300
2016-09-07 00:00:00+09:00,9461.0,9600.0,9460.0,9583.0,8484.3076171875,988200
2016-09-08 00:00:00+09:00,9560.0,9629.0,9366.0,9426.0,8345.3056640625,1057200
2016-09-09 00:00:00+09:00,9493.0,9543.0,9436.0,9494.0,8405.509765625,1373800
2016-09-12 00:00:00+09:00,9364.0,9419.0,9250.0,9297.0,8231.095703125,771800
2016-09-13 00:00:00+09:00,9349.0,9373.0,9223.0,9279.0,8215.158203125,662600
2016-09-14 00:00:00+09:00,9245.0,9327.0,9219.0,9265.0,8202.763671875,569000
2016-09-15 00:00:00+09:00,9228.0,9284.0,9157.0,9193.0,8139.02001953125,719000
2016-09-16 00:00:00+09:00,9234.0,9256.0,9181.0,9216.0,8159.38427734375,650500
2016-09-20 00:00:00+09:00,9210.0,9412.0,9183.0,9368.0,8293.95703125,976400
2016-09-21 00:00:00+09:00,9350.0,9606.0,9344.0,9583.0,8484.3076171875,1414600
2016-09-23 00:00:00+09:00,9664.0,9668.0,9556.0,9575.0,8477.2236328125,1055500
2016-09-26 00:00:00+09:00,9569.0,9575.0,9351.0,9366.0,8292.1845703125,845200
2016-09-27 00:00:00+09:00,9309.0,9485.0,9201.0,9479.0,8392.228515625,1078700
2016-09-28 00:00:00+09:00,9306.0,9401.0,9246.0,9291.0,8278.1826171875,913700
2016-09-29 00:00:00+09:00,9380.0,9472.0,9351.0,9434.0,8405.5947265625,622800
2016-09-30 00:00:00+09:00,9385.0,9428.0,9302.0,9351.0,8331.642578125,984200
2016-10-03 00:00:00+09:00,9445.0,9536.0,9367.0,9534.0,8494.693359375,1189100
2016-10-04 00:00:00+09:00,9598.0,9600.0,9517.0,9580.0,8535.6767578125,858500
2016-10-05 00:00:00+09:00,9610.0,9684.0,9556.0,9671.0,8616.7587890625,882300
2016-10-06 00:00:00+09:00,9760.0,9785.0,9609.0,9613.0,8565.0810546875,964200
2016-10-07 00:00:00+09:00,9619.0,9709.0,9592.0,9699.0,8641.7060546875,846600
2016-10-11 00:00:00+09:00,9784.0,9975.0,9740.0,9909.0,8828.814453125,1404000
2016-10-12 00:00:00+09:00,9803.0,9833.0,9710.0,9718.0,8658.634765625,1007600
2016-10-13 00:00:00+09:00,9712.0,9730.0,9531.0,9539.0,8499.146484375,1379600
2016-10-14 00:00:00+09:00,9584.0,9652.0,9502.0,9566.0,8523.2041015625,1460800
2016-10-17 00:00:00+09:00,9583.0,9614.0,9533.0,9597.0,8550.8232421875,746500
2016-10-18 00:00:00+09:00,9569.0,9662.0,9504.0,9661.0,8607.84765625,1056200
2016-10-19 00:00:00+09:00,9648.0,9733.0,9585.0,9701.0,8643.4892578125,913000
2016-10-20 00:00:00+09:00,9733.0,9823.0,9698.0,9820.0,8749.5166015625,898900
2016-10-21 00:00:00+09:00,9809.0,9848.0,9735.0,9758.0,8694.2744140625,757700
2016-10-24 00:00:00+09:00,9782.0,9859.0,9716.0,9836.0,8763.76953125,931200
2016-10-25 00:00:00+09:00,9854.0,9914.0,9837.0,9875.0,8798.51953125,732200
2016-10-26 00:00:00+09:00,9849.0,9911.0,9804.0,9879.0,8802.0830078125,730100
2016-10-27 00:00:00+09:00,9878.0,9977.0,9874.0,9895.0,8816.33984375,850300
2016-10-28 00:00:00+09:00,9970.0,10045.0,9964.0,10015.0,8923.259765625,2005000
2016-10-31 00:00:00+09:00,10075.0,10120.0,10025.0,10080.0,8981.171875,889400
2016-11-01 00:00:00+09:00,10120.0,10200.0,9999.0,10175.0,9065.8193359375,736700
2016-11-02 00:00:00+09:00,10085.0,10140.0,9926.0,9951.0,8866.2353515625,866900
2016-11-04 00:00:00+09:00,9852.0,9936.0,9818.0,9929.0,8846.6328125,846500
2016-11-07 00:00:00+09:00,10080.0,10150.0,9982.0,10055.0,8958.8994140625,772800
2016-11-08 00:00:00+09:00,9940.0,10145.0,9932.0,10130.0,9025.720703125,647800
2016-11-09 00:00:00+09:00,10395.0,10415.0,9585.0,9627.0,8577.5546875,2138000
2016-11-10 00:00:00+09:00,10555.0,10555.0,10280.0,10420.0,9284.1103515625,1816200
2016-11-11 00:00:00+09:00,10585.0,10585.0,10210.0,10225.0,9110.36328125,1793800
2016-11-14 00:00:00+09:00,10160.0,10320.0,10120.0,10295.0,9172.736328125,1079700
2016-11-15 00:00:00+09:00,10320.0,10340.0,10160.0,10315.0,9190.5546875,1032900
2016-11-16 00:00:00+09:00,10455.0,10480.0,10360.0,10470.0,9328.6591796875,905900
2016-11-17 00:00:00+09:00,10410.0,10505.0,10400.0,10460.0,9319.7490234375,782600
2016-11-18 00:00:00+09:00,10525.0,10580.0,10480.0,10485.0,9342.0244140625,1039500
2016-11-21 00:00:00+09:00,10580.0,10590.0,10435.0,10490.0,9346.478515625,959500
2016-11-22 00:00:00+09:00,10500.0,10550.0,10410.0,10545.0,9395.4833984375,746300
2016-11-24 00:00:00+09:00,10700.0,10725.0,10605.0,10645.0,9484.58203125,984800
2016-11-25 00:00:00+09:00,10695.0,10715.0,10620.0,10705.0,9538.041015625,941200
2016-11-28 00:00:00+09:00,10670.0,10690.0,10525.0,10675.0,9511.3125,835800
2016-11-29 00:00:00+09:00,10570.0,10615.0,10505.0,10580.0,9426.6689453125,1119800
2016-11-30 00:00:00+09:00,10625.0,10715.0,10580.0,10715.0,9546.94921875,1328700
2016-12-01 00:00:00+09:00,10930.0,10935.0,10680.0,10700.0,9533.5869140625,1440200
2016-12-02 00:00:00+09:00,10730.0,10790.0,10570.0,10620.0,9462.3095703125,948700
2016-12-05 00:00:00+09:00,10540.0,10650.0,10510.0,10580.0,9426.6689453125,845100
2016-12-06 00:00:00+09:00,10650.0,10685.0,10535.0,10540.0,9391.0283203125,994200
2016-12-07 00:00:00+09:00,10500.0,10590.0,10340.0,10405.0,9270.7451171875,1075100
2016-12-08 00:00:00+09:00,10400.0,10480.0,10340.0,10475.0,9333.11328125,1443600
2016-12-09 00:00:00+09:00,10505.0,10515.0,10385.0,10475.0,9333.11328125,2165000
2016-12-12 00:00:00+09:00,10625.0,10840.0,10570.0,10840.0,9658.3232421875,1515600
2016-12-13 00:00:00+09:00,10845.0,10845.0,10640.0,10830.0,9649.4169921875,1137300
2016-12-14 00:00:00+09:00,10845.0,10910.0,10750.0,10790.0,9613.775390625,914900
2016-12-15 00:00:00+09:00,10810.0,10865.0,10725.0,10795.0,9618.2294921875,898800
2016-12-16 00:00:00+09:00,10865.0,10865.0,10750.0,10790.0,9613.775390625,1139100
2016-12-19 00:00:00+09:00,10695.0,10790.0,10615.0,10700.0,9533.5869140625,882100
2016-12-20 00:00:00+09:00,10785.0,10880.0,10755.0,10870.0,9685.0546875,973200
2016-12-21 00:00:00+09:00,10900.0,10900.0,10735.0,10790.0,9613.775390625,807500
2016-12-22 00:00:00+09:00,10705.0,10790.0,10670.0,10695.0,9529.1298828125,703400
2016-12-26 00:00:00+09:00,10675.0,10790.0,10675.0,10745.0,9573.6806640625,589600
2016-12-27 00:00:00+09:00,10745.0,10900.0,10725.0,10875.0,9689.5087890625,745500
2016-12-28 00:00:00+09:00,10840.0,10900.0,10745.0,10890.0,9702.8740234375,568600
2016-12-29 00:00:00+09:00,10815.0,10865.0,10750.0,10825.0,9644.9609375,784700
2016-12-30 00:00:00+09:00,10750.0,10805.0,10655.0,10735.0,9564.7724609375,719900
2017-01-04 00:00:00+09:00,11000.0,11155.0,10950.0,11155.0,9938.9873046875,1227100
2017-01-05 00:00:00+09:00,11165.0,11170.0,11035.0,11065.0,9858.7958984375,884900
2017-01-06 00:00:00+09:00,11055.0,11115.0,11035.0,11110.0,9898.8916015625,705200
2017-01-10 00:00:00+09:00,11070.0,11300.0,11040.0,11200.0,9979.080078125,1059000
2017-01-11 00:00:00+09:00,11215.0,11250.0,11070.0,11110.0,9898.8916015625,753000
2017-01-12 00:00:00+09:00,11205.0,11235.0,11090.0,11195.0,9974.6279296875,865500
2017-01-13 00:00:00+09:00,11315.0,11350.0,11235.0,11280.0,10050.361328125,1118900
2017-01-16 00:00:00+09:00,11235.0,11360.0,11220.0,11235.0,10010.2685546875,866600
2017-01-17 00:00:00+09:00,11130.0,11200.0,11055.0,11055.0,9849.884765625,823500
2017-01-18 00:00:00+09:00,11090.0,11215.0,10965.0,11155.0,9938.9873046875,1109200
2017-01-19 00:00:00+09:00,11245.0,11290.0,11120.0,11195.0,9974.6279296875,804700
2017-01-20 00:00:00+09:00,11250.0,11380.0,11210.0,11340.0,10103.818359375,829300
2017-01-23 00:00:00+09:00,11250.0,11335.0,11200.0,11240.0,10014.7197265625,998700
2017-01-24 00:00:00+09:00,11195.0,11275.0,11165.0,11180.0,9961.259765625,759700
2017-01-25 00:00:00+09:00,11420.0,11455.0,11265.0,11320.0,10086.0,682800
2017-01-26 00:00:00+09:00,11490.0,11500.0,11380.0,11450.0,10201.828125,1092600
2017-01-27 00:00:00+09:00,11475.0,11485.0,11405.0,11450.0,10201.828125,996200
2017-01-30 00:00:00+09:00,11510.0,11540.0,11420.0,11460.0,10210.736328125,652100
2017-01-31 00:00:00+09:00,11370.0,11390.0,11210.0,11225.0,10001.35546875,1021100
2017-02-01 00:00:00+09:00,11170.0,11350.0,11170.0,11340.0,10103.818359375,641600
2017-02-02 00:00:00+09:00,11385.0,11415.0,11125.0,11165.0,9947.896484375,897000
2017-02-03 00:00:00+09:00,11145.0,11210.0,11020.0,11060.0,9854.3427734375,1055500
2017-02-06 00:00:00+09:00,11165.0,11185.0,11035.0,11125.0,9912.2568359375,568600
2017-02-07 00:00:00+09:00,11055.0,11310.0,11010.0,11245.0,10019.1767578125,887200
2017-02-08 00:00:00+09:00,11245.0,11265.0,11140.0,11240.0,10014.7197265625,603800
2017-02-09 00:00:00+09:00,11535.0,11535.0,11120.0,11160.0,9943.4384765625,977600
2017-02-10 00:00:00+09:00,11440.0,11440.0,11230.0,11325.0,10090.4541015625,1222600
2017-02-13 00:00:00+09:00,11340.0,11355.0,11220.0,11260.0,10032.5390625,744400
2017-02-14 00:00:00+09:00,11040.0,11080.0,10785.0,10785.0,9609.3212890625,1834000
2017-02-15 00:00:00+09:00,10890.0,11030.0,10860.0,11000.0,9800.8828125,999400
2017-02-16 00:00:00+09:00,10950.0,11035.0,10835.0,10960.0,9765.244140625,720200
2017-02-17 00:00:00+09:00,10840.0,10880.0,10680.0,10690.0,9524.67578125,1263800
2017-02-20 00:00:00+09:00,10630.0,10760.0,10570.0,10720.0,9551.40625,831200
2017-02-21 00:00:00+09:00,10700.0,10810.0,10670.0,10780.0,9604.8671875,765300
2017-02-22 00:00:00+09:00,10995.0,10995.0,10815.0,10860.0,9676.14453125,711600
2017-02-23 00:00:00+09:00,10860.0,10865.0,10740.0,10800.0,9622.6845703125,566100
2017-02-24 00:00:00+09:00,10750.0,10865.0,10685.0,10770.0,9595.9560546875,504900
2017-02-27 00:00:00+09:00,10675.0,10700.0,10570.0,10590.0,9435.578125,712800
2017-02-28 00:00:00+09:00,10685.0,10780.0,10650.0,10665.0,9502.4013671875,1023000
2017-03-01 00:00:00+09:00,10715.0,10880.0,10670.0,10850.0,9667.232421875,1172900
2017-03-02 00:00:00+09:00,11045.0,11055.0,10950.0,10960.0,9765.244140625,1039100
2017-03-03 00:00:00+09:00,10935.0,10970.0,10845.0,10935.0,9742.9677734375,795000
2017-03-06 00:00:00+09:00,10870.0,10875.0,10810.0,10860.0,9676.14453125,527000
2017-03-07 00:00:00+09:00,10810.0,10940.0,10800.0,10915.0,9725.150390625,736700
2017-03-08 00:00:00+09:00,10935.0,10990.0,10890.0,10935.0,9742.9677734375,682800
2017-03-09 00:00:00+09:00,11000.0,11020.0,10880.0,10930.0,9738.5146484375,684800
2017-03-10 00:00:00+09:00,11135.0,11135.0,11020.0,11070.0,9863.2509765625,1574700
2017-03-13 00:00:00+09:00,11100.0,11120.0,11015.0,11105.0,9894.435546875,574700
2017-03-14 00:00:00+09:00,11110.0,11110.0,11050.0,11060.0,9854.3427734375,473200
2017-03-15 00:00:00+09:00,11030.0,11075.0,11015.0,11060.0,9854.3427734375,425200
2017-03-16 00:00:00+09:00,11040.0,11125.0,10980.0,11120.0,9907.802734375,640000
2017-03-17 00:00:00+09:00,11120.0,11250.0,11065.0,11215.0,9992.4423828125,1083800
2017-03-21 00:00:00+09:00,11130.0,11140.0,10985.0,11095.0,9885.5244140625,714200
2017-03-22 00:00:00+09:00,10900.0,10990.0,10865.0,10955.0,9760.7900390625,937500
2017-03-23 00:00:00+09:00,10970.0,10990.0,10865.0,10935.0,9742.9677734375,649200
2017-03-24 00:00:00+09:00,10910.0,11010.0,10900.0,10975.0,9778.6083984375,1040700
2017-03-27 00:00:00+09:00,10940.0,11145.0,10920.0,11110.0,9898.8916015625,1343700
2017-03-28 00:00:00+09:00,11200.0,11325.0,11150.0,11315.0,10081.5439453125,1096500
2017-03-29 00:00:00+09:00,11350.0,11460.0,11265.0,11460.0,10274.2998046875,1023700
2017-03-30 00:00:00+09:00,11465.0,11500.0,11255.0,11280.0,10112.923828125,766800
2017-03-31 00:00:00+09:00,11385.0,11410.0,11180.0,11185.0,10027.75,894200
2017-04-03 00:00:00+09:00,11195.0,11235.0,11115.0,11160.0,10005.337890625,1097800
2017-04-04 00:00:00+09:00,11115.0,11150.0,10940.0,11025.0,9884.306640625,995100
2017-04-05 00:00:00+09:00,11115.0,11135.0,11015.0,11075.0,9929.1337890625,589500
2017-04-06 00:00:00+09:00,10950.0,11000.0,10680.0,10745.0,9633.27734375,1256500
2017-04-07 00:00:00+09:00,10785.0,10835.0,10640.0,10765.0,9651.20703125,1149800
2017-04-10 00:00:00+09:00,10845.0,10850.0,10765.0,10800.0,9682.583984375,649300
2017-04-11 00:00:00+09:00,10765.0,10775.0,10600.0,10655.0,9552.587890625,885300
2017-04-12 00:00:00+09:00,10590.0,10665.0,10560.0,10610.0,9512.244140625,1010100
2017-04-13 00:00:00+09:00,10530.0,10605.0,10475.0,10590.0,9494.314453125,819400
2017-04-14 00:00:00+09:00,10705.0,10710.0,10425.0,10460.0,9377.7646484375,1198300
2017-04-17 00:00:00+09:00,10425.0,10465.0,10385.0,10435.0,9355.3515625,448300
2017-04-18 00:00:00+09:00,10550.0,10630.0,10470.0,10485.0,9400.1787109375,673500
2017-04-19 00:00:00+09:00,10405.0,10550.0,10405.0,10470.0,9386.7294921875,836400
2017-04-20 00:00:00+09:00,10440.0,10535.0,10440.0,10480.0,9395.693359375,850100
2017-04-21 00:00:00+09:00,10660.0,10720.0,10530.0,10700.0,9592.93359375,1295500
2017-04-24 00:00:00+09:00,10910.0,10925.0,10750.0,10785.0,9669.140625,898800
2017-04-25 00:00:00+09:00,10790.0,10845.0,10770.0,10790.0,9673.62109375,999300
2017-04-26 00:00:00+09:00,10740.0,10840.0,10725.0,10800.0,9682.583984375,1161100
2017-04-27 00:00:00+09:00,10800.0,10940.0,10775.0,10900.0,9772.240234375,987200
2017-04-28 00:00:00+09:00,10900.0,10930.0,10790.0,10825.0,9705.0009765625,792200
2017-05-01 00:00:00+09:00,10785.0,10875.0,10765.0,10800.0,9682.583984375,742300
2017-05-02 00:00:00+09:00,10780.0,10815.0,10730.0,10745.0,9633.27734375,948200
2017-05-08 00:00:00+09:00,10925.0,11285.0,10910.0,11225.0,10063.615234375,1890300
2017-05-09 00:00:00+09:00,11225.0,11270.0,11195.0,11200.0,10041.19921875,1273900
2017-05-10 00:00:00+09:00,11245.0,11255.0,11125.0,11135.0,9982.923828125,981500
2017-05-11 00:00:00+09:00,10740.0,11085.0,10740.0,11055.0,9911.2001953125,1240700
2017-05-12 00:00:00+09:00,11055.0,11070.0,10840.0,10960.0,9826.0322265625,1542500
2017-05-15 00:00:00+09:00,10885.0,10950.0,10770.0,10925.0,9794.6533203125,754600
2017-05-16 00:00:00+09:00,11000.0,11080.0,10940.0,10975.0,9839.4794921875,986400
2017-05-17 00:00:00+09:00,10930.0,11010.0,10890.0,10915.0,9785.689453125,905700
2017-05-18 00:00:00+09:00,10715.0,10770.0,10650.0,10720.0,9610.8623046875,1065100
2017-05-19 00:00:00+09:00,10720.0,10790.0,10690.0,10760.0,9646.7265625,985000
2017-05-22 00:00:00+09:00,10785.0,10835.0,10745.0,10835.0,9713.96484375,773300
2017-05-23 00:00:00+09:00,10900.0,11005.0,10825.0,10860.0,9736.376953125,827100
2017-05-24 00:00:00+09:00,11020.0,11165.0,10995.0,11150.0,9996.375,1164400
2017-05-25 00:00:00+09:00,11140.0,11140.0,10990.0,10990.0,9852.9296875,1033500
2017-05-26 00:00:00+09:00,11005.0,11040.0,10925.0,10925.0,9794.6533203125,682400
2017-05-29 00:00:00+09:00,10900.0,10955.0,10785.0,10915.0,9785.689453125,575300
2017-05-30 00:00:00+09:00,10900.0,10960.0,10855.0,10935.0,9803.6181640625,475700
2017-05-31 00:00:00+09:00,10860.0,10905.0,10785.0,10855.0,9731.8974609375,1913000
2017-06-01 00:00:00+09:00,10850.0,10995.0,10820.0,10970.0,9834.998046875,878600
2017-06-02 00:00:00+09:00,11050.0,11150.0,11005.0,11105.0,9956.0283203125,1114600
2017-06-05 00:00:00+09:00,11030.0,11125.0,10995.0,11040.0,9897.75390625,758900
2017-06-06 00:00:00+09:00,10980.0,11010.0,10915.0,10925.0,9794.6533203125,782900
2017-06-07 00:00:00+09:00,10930.0,10965.0,10860.0,10910.0,9781.2060546875,756100
2017-06-08 00:00:00+09:00,10960.0,10980.0,10870.0,10925.0,9794.6533203125,912500
2017-06-09 00:00:00+09:00,10995.0,11170.0,10945.0,11090.0,9942.5791015625,1643900
2017-06-12 00:00:00+09:00,11035.0,11110.0,10985.0,11060.0,9915.6865234375,714700
2017-06-13 00:00:00+09:00,11040.0,11055.0,10960.0,11020.0,9879.8251953125,668000
2017-06-14 00:00:00+09:00,11060.0,11080.0,11000.0,11005.0,9866.3759765625,582100
2017-06-15 00:00:00+09:00,10950.0,11080.0,10910.0,10975.0,9839.4794921875,560100
2017-06-16 00:00:00+09:00,11080.0,11235.0,11075.0,11205.0,10045.6845703125,1340500
2017-06-19 00:00:00+09:00,11200.0,11280.0,11195.0,11270.0,10103.9560546875,639500
2017-06-20 00:00:00+09:00,11355.0,11450.0,11355.0,11410.0,10229.47265625,899300
2017-06-21 00:00:00+09:00,11355.0,11375.0,11270.0,11295.0,10126.3701171875,661800
2017-06-22 00:00:00+09:00,11295.0,11385.0,11290.0,11300.0,10130.8525390625,656100
2017-06-23 00:00:00+09:00,11345.0,11530.0,11345.0,11520.0,10328.09375,1047700
2017-06-26 00:00:00+09:00,11460.0,11560.0,11450.0,11470.0,10283.2646484375,632300
2017-06-27 00:00:00+09:00,11550.0,11555.0,11450.0,11500.0,10310.16015625,816600
2017-06-28 00:00:00+09:00,11535.0,11640.0,11500.0,11620.0,10417.74609375,999000
2017-06-29 00:00:00+09:00,11700.0,11765.0,11650.0,11665.0,10458.08984375,691400
2017-06-30 00:00:00+09:00,11605.0,11650.0,11400.0,11470.0,10283.2646484375,1070700
2017-07-03 00:00:00+09:00,11540.0,11630.0,11530.0,11585.0,10386.3671875,736300
2017-07-04 00:00:00+09:00,11675.0,11730.0,11545.0,11600.0,10399.8154296875,687000
2017-07-05 00:00:00+09:00,11665.0,11765.0,11595.0,11750.0,10534.2939453125,619500
2017-07-06 00:00:00+09:00,11760.0,11760.0,11550.0,11575.0,10377.4013671875,815000
2017-07-07 00:00:00+09:00,11435.0,11735.0,11405.0,11725.0,10511.8818359375,1006500
2017-07-10 00:00:00+09:00,11775.0,11785.0,11665.0,11735.0,10520.845703125,695600
2017-07-11 00:00:00+09:00,11720.0,11775.0,11695.0,11765.0,10547.7431640625,689400
2017-07-12 00:00:00+09:00,11710.0,11820.0,11710.0,11755.0,10538.7763671875,513000
2017-07-13 00:00:00+09:00,11770.0,11835.0,11745.0,11750.0,10534.2939453125,456000
2017-07-14 00:00:00+09:00,11815.0,11865.0,11765.0,11820.0,10597.052734375,706200
2017-07-17 00:00:00+09:00,11820.0,11820.0,11820.0,11820.0,10597.052734375,0
2017-07-18 00:00:00+09:00,11810.0,11860.0,11750.0,11805.0,10583.60546875,661600
2017-07-19 00:00:00+09:00,11785.0,11785.0,11720.0,11750.0,10534.2939453125,498900
2017-07-20 00:00:00+09:00,11715.0,11795.0,11645.0,11775.0,10556.70703125,775000
2017-07-21 00:00:00+09:00,11680.0,11860.0,11680.0,11825.0,10601.53515625,656100
2017-07-24 00:00:00+09:00,11885.0,11905.0,11760.0,11870.0,10641.8779296875,763900
2017-07-25 00:00:00+09:00,11905.0,11980.0,11860.0,11950.0,10713.6025390625,753400
2017-07-26 00:00:00+09:00,12025.0,12135.0,11850.0,11890.0,10659.8115234375,854700
2017-07-27 00:00:00+09:00,11865.0,11965.0,11850.0,11935.0,10700.154296875,644500
2017-07-28 00:00:00+09:00,11880.0,11910.0,11760.0,11770.0,10552.2275390625,623900
2017-07-31 00:00:00+09:00,11700.0,11785.0,11665.0,11700.0,10489.470703125,793700
2017-08-01 00:00:00+09:00,11660.0,11795.0,11660.0,11685.0,10476.0205078125,609800
2017-08-02 00:00:00+09:00,11675.0,11755.0,11665.0,11725.0,10511.8818359375,594200
2017-08-03 00:00:00+09:00,11725.0,11785.0,11690.0,11710.0,10498.4326171875,539200
2017-08-04 00:00:00+09:00,11630.0,11640.0,11495.0,11540.0,10346.0224609375,930600
2017-08-07 00:00:00+09:00,11605.0,11780.0,11575.0,11755.0,10538.7763671875,585300
2017-08-08 00:00:00+09:00,11795.0,11860.0,11675.0,11740.0,10525.3291015625,670100
2017-08-09 00:00:00+09:00,11665.0,11720.0,11290.0,11325.0,10153.2666015625,1514100
2017-08-10 00:00:00+09:00,11435.0,11445.0,11130.0,11205.0,10045.6845703125,1246700
2017-08-11 00:00:00+09:00,11205.0,11205.0,11205.0,11205.0,10045.6845703125,0
2017-08-14 00:00:00+09:00,11195.0,11245.0,11125.0,11145.0,9991.8916015625,1042200
2017-08-15 00:00:00+09:00,11235.0,11380.0,11195.0,11335.0,10162.234375,756200
2017-08-16 00:00:00+09:00,11300.0,11360.0,11255.0,11295.0,10126.3701171875,596300
2017-08-17 00:00:00+09:00,11270.0,11290.0,11210.0,11240.0,10077.0615234375,477600
2017-08-18 00:00:00+09:00,11130.0,11230.0,11080.0,11100.0,9951.546875,984700
2017-08-21 00:00:00+09:00,11080.0,11090.0,10955.0,11010.0,9870.8583984375,589600
2017-08-22 00:00:00+09:00,10920.0,10945.0,10830.0,10855.0,9731.8974609375,843000
2017-08-23 00:00:00+09:00,11045.0,11050.0,10880.0,10895.0,9767.7587890625,687700
2017-08-24 00:00:00+09:00,10855.0,10970.0,10855.0,10880.0,9754.30859375,583600
2017-08-25 00:00:00+09:00,10945.0,10965.0,10880.0,10900.0,9772.240234375,494000
2017-08-28 00:00:00+09:00,10940.0,10940.0,10835.0,10845.0,9722.9306640625,621900
2017-08-29 00:00:00+09:00,10805.0,10840.0,10730.0,10835.0,9713.96484375,800600
2017-08-30 00:00:00+09:00,10920.0,11020.0,10870.0,10955.0,9821.55078125,699300
2017-08-31 00:00:00+09:00,11000.0,11080.0,10990.0,10995.0,9857.408203125,828400
2017-09-01 00:00:00+09:00,11070.0,11070.0,10895.0,10950.0,9817.0673828125,541600
2017-09-04 00:00:00+09:00,10945.0,10975.0,10855.0,10915.0,9785.689453125,655800
2017-09-05 00:00:00+09:00,10945.0,10960.0,10835.0,10840.0,9718.447265625,621200
2017-09-06 00:00:00+09:00,10745.0,10840.0,10725.0,10825.0,9705.0009765625,904000
2017-09-07 00:00:00+09:00,10910.0,11045.0,10885.0,10945.0,9812.5849609375,753800
2017-09-08 00:00:00+09:00,10785.0,10860.0,10610.0,10685.0,9579.4853515625,1910500
2017-09-11 00:00:00+09:00,10650.0,10710.0,10555.0,10675.0,9570.5205078125,1114600
2017-09-12 00:00:00+09:00,10780.0,10780.0,10620.0,10655.0,9552.587890625,918500
2017-09-13 00:00:00+09:00,10820.0,10910.0,10785.0,10890.0,9763.2744140625,713500
2017-09-14 00:00:00+09:00,10900.0,10920.0,10820.0,10820.0,9700.517578125,590200
2017-09-15 00:00:00+09:00,10820.0,11150.0,10805.0,11150.0,9996.375,1601800
2017-09-18 00:00:00+09:00,11150.0,11150.0,11150.0,11150.0,9996.375,0
2017-09-19 00:00:00+09:00,11320.0,11335.0,11210.0,11315.0,10144.3017578125,1152900
2017-09-20 00:00:00+09:00,11305.0,11310.0,11195.0,11275.0,10108.439453125,837500
2017-09-21 00:00:00+09:00,11400.0,11470.0,11365.0,11415.0,10233.9560546875,921900
2017-09-22 00:00:00+09:00,11480.0,11485.0,11245.0,11320.0,10148.7841796875,988400
2017-09-25 00:00:00+09:00,11425.0,11490.0,11375.0,11450.0,10265.3349609375,735800
2017-09-26 00:00:00+09:00,11405.0,11405.0,11275.0,11280.0,10112.923828125,884400
2017-09-27 00:00:00+09:00,11245.0,11255.0,11155.0,11185.0,10085.8701171875,597700
2017-09-28 00:00:00+09:00,11495.0,11495.0,11355.0,11465.0,10338.3544921875,1213300
2017-09-29 00:00:00+09:00,11425.0,11450.0,11310.0,11395.0,10275.2353515625,1294400
2017-10-02 00:00:00+09:00,11460.0,11510.0,11415.0,11455.0,10329.337890625,614400
2017-10-03 00:00:00+09:00,11455.0,11545.0,11440.0,11535.0,10401.4765625,799000
2017-10-04 00:00:00+09:00,11550.0,11700.0,11530.0,11680.0,10532.2275390625,849100
2017-10-05 00:00:00+09:00,11680.0,11685.0,11565.0,11605.0,10464.5986328125,515700
2017-10-06 00:00:00+09:00,11650.0,11655.0,11540.0,11560.0,10424.0185546875,775900
2017-10-09 00:00:00+09:00,11560.0,11560.0,11560.0,11560.0,10424.0185546875,0
2017-10-10 00:00:00+09:00,11560.0,11845.0,11560.0,11820.0,10658.470703125,1041600
2017-10-11 00:00:00+09:00,11700.0,11810.0,11670.0,11805.0,10644.9453125,568200
2017-10-12 00:00:00+09:00,11820.0,11840.0,11730.0,11835.0,10671.99609375,724500
2017-10-13 00:00:00+09:00,11820.0,11875.0,11720.0,11840.0,10676.5068359375,1284200
2017-10-16 00:00:00+09:00,11900.0,11985.0,11865.0,11950.0,10775.6962890625,761800
2017-10-17 00:00:00+09:00,11985.0,12125.0,11975.0,12030.0,10847.8330078125,908100
2017-10-18 00:00:00+09:00,12100.0,12180.0,12020.0,12050.0,10865.8701171875,1149600
2017-10-19 00:00:00+09:00,12050.0,12130.0,11990.0,12020.0,10838.81640625,700300
2017-10-20 00:00:00+09:00,11980.0,12000.0,11905.0,11955.0,10780.205078125,920900
2017-10-23 00:00:00+09:00,12100.0,12180.0,12040.0,12170.0,10974.080078125,964900
2017-10-24 00:00:00+09:00,12150.0,12275.0,12110.0,12275.0,11068.7587890625,713800
2017-10-25 00:00:00+09:00,12415.0,12655.0,12385.0,12525.0,11294.1904296875,1534300
2017-10-26 00:00:00+09:00,12495.0,12600.0,12470.0,12525.0,11294.1904296875,935400
2017-10-27 00:00:00+09:00,12650.0,12650.0,12455.0,12595.0,11357.3134765625,940400
2017-10-30 00:00:00+09:00,12565.0,12570.0,12445.0,12475.0,11249.1064453125,1052300
2017-10-31 00:00:00+09:00,12505.0,12535.0,12445.0,12470.0,11244.595703125,858400
2017-11-01 00:00:00+09:00,12460.0,12640.0,12440.0,12620.0,11379.8564453125,807300
2017-11-02 00:00:00+09:00,12740.0,12770.0,12655.0,12760.0,11506.099609375,1085400
2017-11-03 00:00:00+09:00,12760.0,12760.0,12760.0,12760.0,11506.099609375,0
2017-11-06 00:00:00+09:00,12850.0,13010.0,12730.0,13000.0,11722.5166015625,1287200
2017-11-07 00:00:00+09:00,12945.0,13270.0,12910.0,13230.0,11929.9140625,1371800
2017-11-08 00:00:00+09:00,13225.0,13260.0,13085.0,13190.0,11893.84375,1220600
2017-11-09 00:00:00+09:00,13270.0,13475.0,12905.0,13090.0,11803.671875,2025600
2017-11-10 00:00:00+09:00,12865.0,13145.0,12830.0,13085.0,11799.1630859375,1456200
2017-11-13 00:00:00+09:00,13010.0,13070.0,12810.0,12845.0,11582.7470703125,718400
2017-11-14 00:00:00+09:00,12830.0,13000.0,12800.0,12830.0,11569.2216796875,915800
2017-11-15 00:00:00+09:00,12735.0,12815.0,12595.0,12640.0,11397.892578125,1288900
2017-11-16 00:00:00+09:00,12600.0,12905.0,12565.0,12875.0,11609.7978515625,997700
2017-11-17 00:00:00+09:00,12925.0,13060.0,12795.0,12855.0,11591.7646484375,994500
2017-11-20 00:00:00+09:00,12845.0,12915.0,12740.0,12760.0,11506.099609375,670100
2017-11-21 00:00:00+09:00,12790.0,12840.0,12710.0,12710.0,11461.01171875,1034700
2017-11-22 00:00:00+09:00,12870.0,12955.0,12815.0,12820.0,11560.203125,796300
2017-11-23 00:00:00+09:00,12820.0,12820.0,12820.0,12820.0,11560.203125,0
2017-11-24 00:00:00+09:00,12815.0,12960.0,12815.0,12940.0,11668.41015625,687800
2017-11-27 00:00:00+09:00,12985.0,12985.0,12780.0,12830.0,11569.2216796875,591700
2017-11-28 00:00:00+09:00,12920.0,13260.0,12895.0,13145.0,11853.265625,1189700
2017-11-29 00:00:00+09:00,12965.0,13190.0,12910.0,13165.0,11871.3017578125,1025600
2017-11-30 00:00:00+09:00,12880.0,13000.0,12835.0,12920.0,11650.376953125,1528900
2017-12-01 00:00:00+09:00,13030.0,13110.0,12910.0,13065.0,11781.126953125,799200
2017-12-04 00:00:00+09:00,13050.0,13105.0,12965.0,12980.0,11704.4814453125,612700
2017-12-05 00:00:00+09:00,13010.0,13070.0,12905.0,12995.0,11718.0068359375,643200
2017-12-06 00:00:00+09:00,13070.0,13095.0,12755.0,12780.0,11524.1337890625,1142200
2017-12-07 00:00:00+09:00,12895.0,13065.0,12875.0,13040.0,11758.583984375,901400
2017-12-08 00:00:00+09:00,13095.0,13185.0,12995.0,13110.0,11821.7060546875,1679500
2017-12-11 00:00:00+09:00,13165.0,13370.0,13135.0,13360.0,12047.1376953125,711000
2017-12-12 00:00:00+09:00,13450.0,13540.0,13395.0,13515.0,12186.9072265625,846200
2017-12-13 00:00:00+09:00,13510.0,13535.0,13400.0,13435.0,12114.7666015625,823300
2017-12-14 00:00:00+09:00,13375.0,13395.0,13225.0,13270.0,11965.9814453125,736700
2017-12-15 00:00:00+09:00,13270.0,13370.0,13185.0,13215.0,11916.3876953125,1043400
2017-12-18 00:00:00+09:00,13380.0,13660.0,13295.0,13640.0,12299.6220703125,784900
2017-12-19 00:00:00+09:00,13445.0,13580.0,13280.0,13280.0,11975.0009765625,877700
2017-12-20 00:00:00+09:00,13250.0,13365.0,13220.0,13340.0,12029.10546875,483000
2017-12-21 00:00:00+09:00,13350.0,13380.0,13280.0,13335.0,12024.5947265625,367900
2017-12-22 00:00:00+09:00,13335.0,13425.0,13305.0,13390.0,12074.1904296875,461600
2017-12-25 00:00:00+09:00,13400.0,13490.0,13365.0,13490.0,12164.361328125,256500
2017-12-26 00:00:00+09:00,13455.0,13495.0,13415.0,13465.0,12141.818359375,265700
2017-12-27 00:00:00+09:00,13500.0,13505.0,13425.0,13455.0,12132.8037109375,284900
2017-12-28 00:00:00+09:00,13420.0,13480.0,13270.0,13300.0,11993.03515625,382400
2017-12-29 00:00:00+09:00,13310.0,13405.0,13305.0,13335.0,12024.5947265625,349000
2018-01-01 00:00:00+09:00,13335.0,13335.0,13335.0,13335.0,12024.5947265625,0
2018-01-02 00:00:00+09:00,13335.0,13335.0,13335.0,13335.0,12024.5947265625,0
2018-01-03 00:00:00+09:00,13335.0,13335.0,13335.0,13335.0,12024.5947265625,0
2018-01-04 00:00:00+09:00,13550.0,13995.0,13550.0,13995.0,12619.73828125,1066600
2018-01-05 00:00:00+09:00,14000.0,14100.0,13895.0,14085.0,12700.89453125,812600
2018-01-08 00:00:00+09:00,14085.0,14085.0,14085.0,14085.0,12700.89453125,0
2018-01-09 00:00:00+09:00,14230.0,14275.0,13955.0,14075.0,12691.875,856400
2018-01-10 00:00:00+09:00,13995.0,14000.0,13890.0,13950.0,12579.1591796875,657800
2018-01-11 00:00:00+09:00,13875.0,13885.0,13735.0,13815.0,12457.4267578125,635400
2018-01-12 00:00:00+09:00,13740.0,13795.0,13610.0,13660.0,12317.6591796875,1144700
2018-01-15 00:00:00+09:00,13685.0,13750.0,13600.0,13605.0,12268.0625,553800
2018-01-16 00:00:00+09:00,13690.0,13805.0,13610.0,13790.0,12434.884765625,478000
2018-01-17 00:00:00+09:00,13775.0,13800.0,13665.0,13775.0,12421.35546875,646700
2018-01-18 00:00:00+09:00,13930.0,13935.0,13705.0,13730.0,12380.7783203125,939500
2018-01-19 00:00:00+09:00,13760.0,13895.0,13735.0,13895.0,12529.564453125,640600
2018-01-22 00:00:00+09:00,13880.0,13890.0,13795.0,13890.0,12525.0546875,450600
2018-01-23 00:00:00+09:00,13980.0,14210.0,13965.0,14200.0,12804.591796875,716300
2018-01-24 00:00:00+09:00,14140.0,14240.0,13990.0,14010.0,12633.2646484375,766200
2018-01-25 00:00:00+09:00,13885.0,13980.0,13725.0,13730.0,12380.7783203125,841200
2018-01-26 00:00:00+09:00,13735.0,13745.0,13340.0,13350.0,12038.123046875,1081500
2018-01-29 00:00:00+09:00,13330.0,13465.0,13220.0,13335.0,12024.5947265625,887700
2018-01-30 00:00:00+09:00,13360.0,13440.0,13245.0,13290.0,11984.0185546875,871300
2018-01-31 00:00:00+09:00,13225.0,13330.0,13090.0,13095.0,11808.1796875,907100
2018-02-01 00:00:00+09:00,13200.0,13320.0,13135.0,13305.0,11997.5419921875,562700
2018-02-02 00:00:00+09:00,13300.0,13325.0,13165.0,13270.0,11965.9814453125,665800
2018-02-05 00:00:00+09:00,12980.0,13055.0,12830.0,12845.0,11582.7470703125,937100
2018-02-06 00:00:00+09:00,12245.0,12350.0,11840.0,12150.0,10956.0419921875,2075500
2018-02-07 00:00:00+09:00,12450.0,12660.0,12200.0,12220.0,11019.1650390625,1837900
2018-02-08 00:00:00+09:00,12250.0,12610.0,12215.0,12585.0,11348.296875,1289300
2018-02-09 00:00:00+09:00,12030.0,12165.0,11985.0,12115.0,10924.4814453125,1763100
2018-02-12 00:00:00+09:00,12115.0,12115.0,12115.0,12115.0,10924.4814453125,0
2018-02-13 00:00:00+09:00,12355.0,12535.0,12155.0,12170.0,10974.080078125,1274900
2018-02-14 00:00:00+09:00,12295.0,12375.0,12115.0,12300.0,11091.3037109375,1224300
2018-02-15 00:00:00+09:00,12510.0,12540.0,12145.0,12460.0,11235.580078125,1336300
2018-02-16 00:00:00+09:00,12565.0,12935.0,12505.0,12815.0,11555.6943359375,1185800
2018-02-19 00:00:00+09:00,12885.0,12930.0,12795.0,12870.0,11605.291015625,841400
2018-02-20 00:00:00+09:00,12825.0,12895.0,12630.0,12690.0,11442.9765625,978100
2018-02-21 00:00:00+09:00,12720.0,12875.0,12650.0,12775.0,11519.6259765625,847600
2018-02-22 00:00:00+09:00,12750.0,12775.0,12570.0,12645.0,11402.4013671875,672700
2018-02-23 00:00:00+09:00,12645.0,12730.0,12615.0,12655.0,11411.4189453125,505200
2018-02-26 00:00:00+09:00,12900.0,12910.0,12655.0,12690.0,11442.9765625,883000
2018-02-27 00:00:00+09:00,12990.0,13010.0,12805.0,12860.0,11596.2724609375,1053700
2018-02-28 00:00:00+09:00,12840.0,12910.0,12650.0,12650.0,11406.908203125,1144100
2018-03-01 00:00:00+09:00,12505.0,12525.0,12100.0,12130.0,10938.0068359375,1280700
2018-03-02 00:00:00+09:00,11895.0,11910.0,11735.0,11775.0,10617.892578125,1403500
2018-03-05 00:00:00+09:00,11690.0,11850.0,11655.0,11830.0,10667.48828125,1129800
2018-03-06 00:00:00+09:00,12050.0,12160.0,12040.0,12080.0,10892.9208984375,745000
2018-03-07 00:00:00+09:00,11970.0,11995.0,11805.0,11830.0,10667.48828125,1152200
2018-03-08 00:00:00+09:00,11900.0,11910.0,11645.0,11690.0,10541.24609375,1189500
2018-03-09 00:00:00+09:00,11855.0,12210.0,11815.0,11885.0,10717.0830078125,1691500
2018-03-12 00:00:00+09:00,12175.0,12225.0,11915.0,12025.0,10843.3251953125,705900
2018-03-13 00:00:00+09:00,12050.0,12130.0,11975.0,12125.0,10933.4990234375,489500
2018-03-14 00:00:00+09:00,11950.0,12055.0,11930.0,12050.0,10865.8701171875,616600
2018-03-15 00:00:00+09:00,12035.0,12235.0,11975.0,12190.0,10992.111328125,733200
2018-03-16 00:00:00+09:00,12230.0,12230.0,12005.0,12030.0,10847.8330078125,655900
2018-03-19 00:00:00+09:00,11870.0,11995.0,11750.0,11820.0,10658.470703125,656700
2018-03-20 00:00:00+09:00,11670.0,11750.0,11630.0,11740.0,10586.3330078125,729700
2018-03-21 00:00:00+09:00,11740.0,11740.0,11740.0,11740.0,10586.3330078125,0
2018-03-22 00:00:00+09:00,11765.0,11990.0,11765.0,11990.0,10811.765625,896500
2018-03-23 00:00:00+09:00,11690.0,11745.0,11220.0,11255.0,10148.9912109375,1639700
2018-03-26 00:00:00+09:00,11200.0,11505.0,11170.0,11500.0,10369.91796875,1042400
2018-03-27 00:00:00+09:00,11640.0,11865.0,11500.0,11855.0,10690.0322265625,1204100
2018-03-28 00:00:00+09:00,11500.0,11535.0,11250.0,11400.0,10345.1923828125,1447200
2018-03-29 00:00:00+09:00,11585.0,11655.0,11505.0,11645.0,10567.5234375,898800
2018-03-30 00:00:00+09:00,11780.0,11790.0,11570.0,11735.0,10649.1943359375,718900
2018-04-02 00:00:00+09:00,11765.0,11910.0,11720.0,11730.0,10644.6591796875,548700
2018-04-03 00:00:00+09:00,11675.0,11790.0,11655.0,11740.0,10653.7314453125,917400
2018-04-04 00:00:00+09:00,11770.0,11775.0,11595.0,11685.0,10603.822265625,730000
2018-04-05 00:00:00+09:00,11915.0,12080.0,11810.0,12040.0,10925.97265625,810100
2018-04-06 00:00:00+09:00,12080.0,12115.0,11790.0,11830.0,10735.404296875,1022100
2018-04-09 00:00:00+09:00,11870.0,11970.0,11755.0,11950.0,10844.30078125,682600
2018-04-10 00:00:00+09:00,11960.0,12145.0,11890.0,12090.0,10971.34765625,736800
2018-04-11 00:00:00+09:00,12135.0,12340.0,12070.0,12185.0,11057.5576171875,848200
2018-04-12 00:00:00+09:00,12160.0,12365.0,12130.0,12285.0,11148.3046875,919900
2018-04-13 00:00:00+09:00,12370.0,12570.0,12345.0,12550.0,11388.7861328125,986400
2018-04-16 00:00:00+09:00,12505.0,12580.0,12440.0,12535.0,11375.173828125,538600
2018-04-17 00:00:00+09:00,12515.0,12530.0,12435.0,12460.0,11307.11328125,549700
2018-04-18 00:00:00+09:00,12445.0,12700.0,12415.0,12685.0,11511.2958984375,563400
2018-04-19 00:00:00+09:00,12755.0,12885.0,12750.0,12825.0,11638.341796875,696200
2018-04-20 00:00:00+09:00,12765.0,12890.0,12680.0,12855.0,11665.56640625,783100
2018-04-23 00:00:00+09:00,12785.0,12800.0,12670.0,12690.0,11515.8310546875,567500
2018-04-24 00:00:00+09:00,12875.0,13010.0,12795.0,12995.0,11792.611328125,873000
2018-04-25 00:00:00+09:00,12695.0,12730.0,12525.0,12615.0,11447.771484375,1043600
2018-04-26 00:00:00+09:00,12665.0,12710.0,12600.0,12650.0,11479.5322265625,667100
2018-04-27 00:00:00+09:00,12660.0,12840.0,12645.0,12805.0,11620.19140625,1040300
2018-04-30 00:00:00+09:00,12805.0,12805.0,12805.0,12805.0,11620.19140625,0
2018-05-01 00:00:00+09:00,12900.0,12930.0,12800.0,12860.0,11670.1015625,660100
2018-05-02 00:00:00+09:00,12945.0,12945.0,12705.0,12785.0,11602.0419921875,583500
2018-05-03 00:00:00+09:00,12785.0,12785.0,12785.0,12785.0,11602.0419921875,0
2018-05-04 00:00:00+09:00,12785.0,12785.0,12785.0,12785.0,11602.0419921875,0
2018-05-07 00:00:00+09:00,12860.0,12990.0,12770.0,12955.0,11756.3125,554900
2018-05-08 00:00:00+09:00,12895.0,13025.0,12835.0,12895.0,11701.8642578125,693700
2018-05-09 00:00:00+09:00,12900.0,12935.0,12815.0,12850.0,11661.02734375,521900
2018-05-10 00:00:00+09:00,12875.0,13160.0,12825.0,13120.0,11906.0458984375,840600
2018-05-11 00:00:00+09:00,13215.0,13480.0,13165.0,13470.0,12223.662109375,950500
2018-05-14 00:00:00+09:00,13385.0,13480.0,13345.0,13375.0,12137.453125,659300
2018-05-15 00:00:00+09:00,13255.0,13330.0,13130.0,13250.0,12024.0166015625,679700
2018-05-16 00:00:00+09:00,13200.0,13245.0,13140.0,13145.0,11928.732421875,627000
2018-05-17 00:00:00+09:00,13180.0,13235.0,13095.0,13190.0,11969.568359375,557300
2018-05-18 00:00:00+09:00,13130.0,13170.0,13020.0,13070.0,11860.6708984375,787300
2018-05-21 00:00:00+09:00,13170.0,13315.0,13140.0,13250.0,12024.0166015625,610200
2018-05-22 00:00:00+09:00,13215.0,13260.0,13170.0,13240.0,12014.9423828125,379800
2018-05-23 00:00:00+09:00,13110.0,13180.0,12960.0,12965.0,11765.3876953125,718400
2018-05-24 00:00:00+09:00,13000.0,13000.0,12635.0,12710.0,11533.9814453125,793300
2018-05-25 00:00:00+09:00,12725.0,12785.0,12610.0,12640.0,11470.458984375,622000
2018-05-28 00:00:00+09:00,12570.0,12680.0,12560.0,12645.0,11474.99609375,496500
2018-05-29 00:00:00+09:00,12645.0,12740.0,12550.0,12675.0,11502.2197265625,527500
2018-05-30 00:00:00+09:00,12500.0,12585.0,12395.0,12415.0,11266.27734375,770800
2018-05-31 00:00:00+09:00,12585.0,12600.0,12440.0,12580.0,11416.0107421875,901000
2018-06-01 00:00:00+09:00,12610.0,12805.0,12605.0,12720.0,11543.0576171875,984400
2018-06-04 00:00:00+09:00,12815.0,13075.0,12815.0,13050.0,11842.521484375,730100
2018-06-05 00:00:00+09:00,13240.0,13330.0,13180.0,13240.0,12014.9423828125,996500
2018-06-06 00:00:00+09:00,13120.0,13200.0,12925.0,13040.0,11833.44921875,882700
2018-06-07 00:00:00+09:00,13190.0,13380.0,13175.0,13350.0,12114.765625,982500
2018-06-08 00:00:00+09:00,13360.0,13390.0,13150.0,13325.0,12092.078125,1367900
2018-06-11 00:00:00+09:00,13310.0,13390.0,13240.0,13335.0,12101.1533203125,358800
2018-06-12 00:00:00+09:00,13500.0,13570.0,13370.0,13420.0,12178.287109375,623700
2018-06-13 00:00:00+09:00,13450.0,13490.0,13350.0,13465.0,12219.12109375,446000
2018-06-14 00:00:00+09:00,13350.0,13355.0,13235.0,13240.0,12014.9423828125,624400
2018-06-15 00:00:00+09:00,13445.0,13455.0,13235.0,13295.0,12064.853515625,615100
2018-06-18 00:00:00+09:00,13290.0,13375.0,13225.0,13270.0,12042.166015625,467000
2018-06-19 00:00:00+09:00,13250.0,13405.0,13140.0,13160.0,11942.34375,949200
2018-06-20 00:00:00+09:00,13095.0,13155.0,12820.0,13135.0,11919.6591796875,1093100
2018-06-21 00:00:00+09:00,13240.0,13535.0,13175.0,13500.0,12250.8857421875,916700
2018-06-22 00:00:00+09:00,13360.0,13600.0,13355.0,13575.0,12318.9453125,784200
2018-06-25 00:00:00+09:00,13735.0,13785.0,13435.0,13435.0,12191.8974609375,739300
2018-06-26 00:00:00+09:00,13385.0,13575.0,13320.0,13545.0,12291.7216796875,620600
2018-06-27 00:00:00+09:00,13560.0,13595.0,13380.0,13390.0,12151.064453125,511500
2018-06-28 00:00:00+09:00,13390.0,13525.0,13290.0,13470.0,12223.662109375,844000
2018-06-29 00:00:00+09:00,13340.0,13360.0,13135.0,13270.0,12042.166015625,919500
2018-07-02 00:00:00+09:00,13300.0,13435.0,13050.0,13075.0,11865.2099609375,601400
2018-07-03 00:00:00+09:00,13050.0,13165.0,12685.0,12895.0,11701.8642578125,1074400
2018-07-04 00:00:00+09:00,13000.0,13040.0,12835.0,12855.0,11665.56640625,589000
2018-07-05 00:00:00+09:00,12725.0,12755.0,12430.0,12500.0,11343.4130859375,1040300
2018-07-06 00:00:00+09:00,12500.0,12650.0,12420.0,12610.0,11443.2353515625,785200
2018-07-09 00:00:00+09:00,12600.0,12900.0,12475.0,12875.0,11683.712890625,588000
2018-07-10 00:00:00+09:00,12935.0,13135.0,12855.0,13015.0,11810.759765625,834000
2018-07-11 00:00:00+09:00,12875.0,12910.0,12675.0,12710.0,11533.9814453125,844900
2018-07-12 00:00:00+09:00,12700.0,12745.0,12530.0,12685.0,11511.2958984375,807900
2018-07-13 00:00:00+09:00,12685.0,12915.0,12595.0,12865.0,11674.640625,1117100
2018-07-16 00:00:00+09:00,12865.0,12865.0,12865.0,12865.0,11674.640625,0
2018-07-17 00:00:00+09:00,12810.0,13100.0,12780.0,13015.0,11810.759765625,806300
2018-07-18 00:00:00+09:00,13120.0,13135.0,12965.0,12965.0,11765.3876953125,593400
2018-07-19 00:00:00+09:00,13020.0,13270.0,13020.0,13260.0,12033.091796875,692400
2018-07-20 00:00:00+09:00,13265.0,13315.0,13040.0,13250.0,12024.0166015625,899800
2018-07-23 00:00:00+09:00,13095.0,13110.0,12840.0,12975.0,11774.4619140625,798900
2018-07-24 00:00:00+09:00,13225.0,13295.0,13010.0,13295.0,12064.853515625,733600
2018-07-25 00:00:00+09:00,13415.0,13525.0,13355.0,13400.0,12160.138671875,624800
2018-07-26 00:00:00+09:00,13570.0,13590.0,13470.0,13510.0,12259.958984375,589800
2018-07-27 00:00:00+09:00,13575.0,13575.0,13405.0,13415.0,12173.751953125,553000
2018-07-30 00:00:00+09:00,13380.0,13470.0,13315.0,13350.0,12114.765625,484500
2018-07-31 00:00:00+09:00,13270.0,13425.0,13150.0,13320.0,12087.5400390625,722800
2018-08-01 00:00:00+09:00,13300.0,13355.0,13225.0,13255.0,12028.5546875,791100
2018-08-02 00:00:00+09:00,13235.0,13335.0,12910.0,13050.0,11842.521484375,656800
2018-08-03 00:00:00+09:00,13080.0,13145.0,12995.0,13040.0,11833.44921875,556700
2018-08-06 00:00:00+09:00,13185.0,13250.0,13050.0,13065.0,11856.1337890625,444800
2018-08-07 00:00:00+09:00,13085.0,13115.0,12760.0,12975.0,11774.4619140625,709900
2018-08-08 00:00:00+09:00,13375.0,13595.0,13260.0,13415.0,12173.751953125,1419300
2018-08-09 00:00:00+09:00,13475.0,13525.0,13415.0,13450.0,12205.51171875,623200
2018-08-10 00:00:00+09:00,13510.0,13515.0,13110.0,13140.0,11924.1953125,923400
2018-08-13 00:00:00+09:00,13030.0,13060.0,12770.0,12770.0,11588.4306640625,674400
2018-08-14 00:00:00+09:00,12860.0,13210.0,12850.0,13205.0,11983.181640625,650600
2018-08-15 00:00:00+09:00,13335.0,13340.0,13155.0,13280.0,12051.2412109375,478500
2018-08-16 00:00:00+09:00,13140.0,13350.0,12945.0,13300.0,12069.3916015625,769300
2018-08-17 00:00:00+09:00,13370.0,13495.0,13260.0,13475.0,12228.19921875,626400
2018-08-20 00:00:00+09:00,13385.0,13425.0,13310.0,13380.0,12141.98828125,474700
2018-08-21 00:00:00+09:00,13325.0,13470.0,13310.0,13420.0,12178.287109375,586900
2018-08-22 00:00:00+09:00,13500.0,13530.0,13405.0,13530.0,12278.1083984375,480600
2018-08-23 00:00:00+09:00,13570.0,13695.0,13565.0,13690.0,12423.3046875,634600
2018-08-24 00:00:00+09:00,13680.0,13765.0,13625.0,13740.0,12468.6796875,543800
2018-08-27 00:00:00+09:00,13800.0,13900.0,13725.0,13870.0,12586.6494140625,447000
2018-08-28 00:00:00+09:00,13970.0,14020.0,13865.0,13865.0,12582.1142578125,614000
2018-08-29 00:00:00+09:00,13825.0,14020.0,13825.0,13940.0,12650.1728515625,643700
2018-08-30 00:00:00+09:00,14120.0,14140.0,13980.0,14075.0,12772.6826171875,740300
2018-08-31 00:00:00+09:00,14075.0,14240.0,14025.0,14170.0,12858.892578125,775400
2018-09-03 00:00:00+09:00,14000.0,14045.0,13775.0,13780.0,12504.9775390625,552800
2018-09-04 00:00:00+09:00,13910.0,14020.0,13815.0,13980.0,12686.4716796875,541100
2018-09-05 00:00:00+09:00,14010.0,14070.0,13880.0,13970.0,12677.396484375,705500
2018-09-06 00:00:00+09:00,13855.0,13880.0,13720.0,13835.0,12554.888671875,545100
2018-09-07 00:00:00+09:00,13700.0,13850.0,13675.0,13815.0,12536.73828125,613400
2018-09-10 00:00:00+09:00,13800.0,14130.0,13795.0,14105.0,12799.9072265625,675200
2018-09-11 00:00:00+09:00,14185.0,14420.0,14145.0,14415.0,13081.2216796875,829500
2018-09-12 00:00:00+09:00,14520.0,14590.0,14220.0,14335.0,13008.626953125,913700
2018-09-13 00:00:00+09:00,14480.0,14750.0,14455.0,14705.0,13344.3916015625,906000
2018-09-14 00:00:00+09:00,14910.0,15000.0,14770.0,14985.0,13598.482421875,1551300
2018-09-17 00:00:00+09:00,14985.0,14985.0,14985.0,14985.0,13598.482421875,0
2018-09-18 00:00:00+09:00,15000.0,15165.0,14850.0,15125.0,13725.5283203125,1051600
2018-09-19 00:00:00+09:00,15330.0,15670.0,15245.0,15605.0,14161.115234375,1222100
2018-09-20 00:00:00+09:00,15460.0,15515.0,15035.0,15205.0,13798.125,1474200
2018-09-21 00:00:00+09:00,15235.0,15335.0,15135.0,15180.0,13775.4404296875,1577900
2018-09-24 00:00:00+09:00,15180.0,15180.0,15180.0,15180.0,13775.4404296875,0
2018-09-25 00:00:00+09:00,15185.0,15360.0,15045.0,15340.0,13920.6376953125,1149300
2018-09-26 00:00:00+09:00,15400.0,15450.0,15335.0,15375.0,14016.3564453125,1159500
2018-09-27 00:00:00+09:00,15345.0,15350.0,15030.0,15055.0,13724.634765625,937400
2018-09-28 00:00:00+09:00,15320.0,15370.0,15080.0,15125.0,13788.44921875,1131600
2018-10-01 00:00:00+09:00,15215.0,15375.0,15200.0,15255.0,13906.9609375,849500
2018-10-02 00:00:00+09:00,15395.0,15435.0,15245.0,15280.0,13929.7509765625,1069700
2018-10-03 00:00:00+09:00,15265.0,15270.0,14835.0,14890.0,13574.2138671875,1030500
2018-10-04 00:00:00+09:00,15190.0,15235.0,14935.0,14975.0,13651.703125,1121800
2018-10-05 00:00:00+09:00,14830.0,15040.0,14730.0,14910.0,13592.44921875,1227700
2018-10-08 00:00:00+09:00,14910.0,14910.0,14910.0,14910.0,13592.44921875,0
2018-10-09 00:00:00+09:00,14705.0,14740.0,14455.0,14570.0,13282.4921875,1128000
2018-10-10 00:00:00+09:00,14665.0,14755.0,14300.0,14590.0,13300.7236328125,1026000
2018-10-11 00:00:00+09:00,13990.0,14145.0,13785.0,13920.0,12689.931640625,1257100
2018-10-12 00:00:00+09:00,13635.0,14205.0,13590.0,14180.0,12926.9560546875,1664200
2018-10-15 00:00:00+09:00,14000.0,14000.0,13695.0,13700.0,12489.37109375,1191800
2018-10-16 00:00:00+09:00,13605.0,13825.0,13595.0,13795.0,12575.9755859375,964200
2018-10-17 00:00:00+09:00,13895.0,14170.0,13840.0,14050.0,12808.4443359375,942100
2018-10-18 00:00:00+09:00,14050.0,14095.0,13935.0,13990.0,12753.7451171875,593500
2018-10-19 00:00:00+09:00,13585.0,13700.0,13440.0,13690.0,12480.2548828125,1029500
2018-10-22 00:00:00+09:00,13510.0,13660.0,13440.0,13560.0,12361.7421875,786900
2018-10-23 00:00:00+09:00,13440.0,13515.0,13170.0,13170.0,12006.2060546875,1212700
2018-10-24 00:00:00+09:00,13265.0,13320.0,13130.0,13220.0,12051.7880859375,945700
2018-10-25 00:00:00+09:00,12730.0,12960.0,12705.0,12805.0,11673.4609375,1187900
2018-10-26 00:00:00+09:00,12890.0,13015.0,12550.0,12635.0,11518.48046875,1207900
2018-10-29 00:00:00+09:00,12775.0,12785.0,12530.0,12565.0,11454.6669921875,715800
2018-10-30 00:00:00+09:00,12480.0,12940.0,12435.0,12830.0,11696.2509765625,1266200
2018-10-31 00:00:00+09:00,13125.0,13165.0,12940.0,13125.0,11965.1826171875,1330000
2018-11-01 00:00:00+09:00,13095.0,13265.0,12770.0,13050.0,11896.8076171875,1366600
2018-11-02 00:00:00+09:00,13225.0,13395.0,13035.0,13360.0,12179.41796875,1680500
2018-11-05 00:00:00+09:00,13215.0,13280.0,13050.0,13130.0,11969.740234375,769400
2018-11-06 00:00:00+09:00,13230.0,13300.0,13150.0,13215.0,12047.228515625,813200
2018-11-07 00:00:00+09:00,12015.0,12660.0,11955.0,12465.0,11363.5048828125,1892600
2018-11-08 00:00:00+09:00,12720.0,13380.0,12665.0,13315.0,12138.3916015625,1712500
2018-11-09 00:00:00+09:00,13270.0,13290.0,12670.0,12730.0,11605.0869140625,1322300
2018-11-12 00:00:00+09:00,12690.0,12905.0,12555.0,12905.0,11764.6240234375,745100
2018-11-13 00:00:00+09:00,12460.0,12605.0,12275.0,12565.0,11454.6669921875,1066500
2018-11-14 00:00:00+09:00,12515.0,12530.0,12285.0,12510.0,11404.52734375,938500
2018-11-15 00:00:00+09:00,12345.0,12500.0,12185.0,12200.0,11121.919921875,997700
2018-11-16 00:00:00+09:00,12100.0,12180.0,11710.0,11715.0,10679.779296875,1630600
2018-11-19 00:00:00+09:00,11500.0,11770.0,11425.0,11725.0,10688.8955078125,1391000
2018-11-20 00:00:00+09:00,11490.0,11685.0,11415.0,11510.0,10492.89453125,743300
2018-11-21 00:00:00+09:00,11220.0,11590.0,11195.0,11555.0,10533.91796875,865300
2018-11-22 00:00:00+09:00,11645.0,11690.0,11475.0,11590.0,10565.82421875,626900
2018-11-23 00:00:00+09:00,11590.0,11590.0,11590.0,11590.0,10565.82421875,0
2018-11-26 00:00:00+09:00,11615.0,11985.0,11465.0,11955.0,10898.5712890625,1239500
2018-11-27 00:00:00+09:00,12170.0,12195.0,11845.0,11955.0,10898.5712890625,866600
2018-11-28 00:00:00+09:00,12110.0,12410.0,12075.0,12395.0,11299.69140625,1100000
2018-11-29 00:00:00+09:00,12765.0,12890.0,12710.0,12800.0,11668.9013671875,1303000
2018-11-30 00:00:00+09:00,12790.0,12790.0,12540.0,12610.0,11495.69140625,1087900
2018-12-03 00:00:00+09:00,12930.0,12975.0,12770.0,12840.0,11705.3681640625,882400
2018-12-04 00:00:00+09:00,12830.0,12900.0,12470.0,12485.0,11381.7373046875,1003000
2018-12-05 00:00:00+09:00,12360.0,12485.0,12210.0,12325.0,11235.875,959100
2018-12-06 00:00:00+09:00,12285.0,12355.0,11960.0,12110.0,11039.8740234375,981600
2018-12-07 00:00:00+09:00,12330.0,12395.0,12180.0,12270.0,11185.736328125,798000
2018-12-10 00:00:00+09:00,12020.0,12240.0,12000.0,12205.0,11126.4775390625,872200
2018-12-11 00:00:00+09:00,12225.0,12260.0,11815.0,11840.0,10793.734375,1208500
2018-12-12 00:00:00+09:00,12055.0,12495.0,12045.0,12475.0,11372.6220703125,1161000
2018-12-13 00:00:00+09:00,12605.0,12695.0,12465.0,12645.0,11527.599609375,788300
2018-12-14 00:00:00+09:00,12645.0,12810.0,12305.0,12395.0,11299.69140625,1720100
2018-12-17 00:00:00+09:00,12390.0,12495.0,12185.0,12470.0,11368.0625,788700
2018-12-18 00:00:00+09:00,12265.0,12480.0,12155.0,12240.0,11158.38671875,806700
2018-12-19 00:00:00+09:00,12335.0,12345.0,12050.0,12250.0,11167.50390625,667100
2018-12-20 00:00:00+09:00,12240.0,12350.0,11895.0,12045.0,10980.619140625,1359100
2018-12-21 00:00:00+09:00,12100.0,12270.0,11975.0,12215.0,11135.5966796875,1472600
2018-12-24 00:00:00+09:00,12215.0,12215.0,12215.0,12215.0,11135.5966796875,0
2018-12-25 00:00:00+09:00,11615.0,11650.0,11190.0,11190.0,10201.171875,1153800
2018-12-26 00:00:00+09:00,11250.0,11425.0,10900.0,11125.0,10141.916015625,1155000
2018-12-27 00:00:00+09:00,11725.0,12020.0,11600.0,11895.0,10843.875,1489800
2018-12-28 00:00:00+09:00,11805.0,11965.0,11635.0,11695.0,10661.5478515625,891400
2018-12-31 00:00:00+09:00,11695.0,11695.0,11695.0,11695.0,10661.5478515625,0
2019-01-04 00:00:00+09:00,11395.0,11475.0,11080.0,11245.0,10251.3115234375,1236100
2019-01-07 00:00:00+09:00,11600.0,11720.0,11525.0,11590.0,10565.82421875,982900
2019-01-08 00:00:00+09:00,11790.0,11970.0,11690.0,11865.0,10816.5244140625,1098500
2019-01-09 00:00:00+09:00,12030.0,12375.0,12010.0,12350.0,11258.66796875,942300
2019-01-10 00:00:00+09:00,12410.0,12435.0,11985.0,12110.0,11039.8740234375,1004500
2019-01-11 00:00:00+09:00,12250.0,12290.0,12050.0,12150.0,11076.341796875,1205400
2019-01-15 00:00:00+09:00,12090.0,12460.0,12065.0,12395.0,11299.69140625,819600
2019-01-16 00:00:00+09:00,12455.0,12510.0,12375.0,12475.0,11372.6220703125,766500
2019-01-17 00:00:00+09:00,12500.0,12595.0,12425.0,12480.0,11377.1787109375,589000
2019-01-18 00:00:00+09:00,11940.0,12215.0,11905.0,12185.0,11108.2490234375,1400700
2019-01-21 00:00:00+09:00,12190.0,12235.0,11820.0,11840.0,10793.734375,1544400
2019-01-22 00:00:00+09:00,11900.0,12160.0,11720.0,11780.0,10739.037109375,1053300
2019-01-23 00:00:00+09:00,11750.0,11960.0,11745.0,11845.0,10798.29296875,923400
2019-01-24 00:00:00+09:00,11665.0,11935.0,11655.0,11825.0,10780.060546875,578100
2019-01-25 00:00:00+09:00,11755.0,12005.0,11755.0,11975.0,10916.8046875,871300
2019-01-28 00:00:00+09:00,11830.0,11890.0,11650.0,11695.0,10661.5478515625,1051400
2019-01-29 00:00:00+09:00,11755.0,11825.0,11595.0,11695.0,10661.5478515625,1016100
2019-01-30 00:00:00+09:00,11655.0,11710.0,11410.0,11500.0,10483.779296875,1039600
2019-01-31 00:00:00+09:00,11780.0,11935.0,11615.0,11765.0,10725.36328125,1140600
2019-02-01 00:00:00+09:00,11695.0,11835.0,11580.0,11615.0,10588.6162109375,883800
2019-02-04 00:00:00+09:00,11650.0,11790.0,11560.0,11690.0,10656.9892578125,917400
2019-02-05 00:00:00+09:00,11865.0,11880.0,11725.0,11755.0,10716.2451171875,708200
2019-02-06 00:00:00+09:00,11815.0,11930.0,11780.0,11885.0,10834.7568359375,638600
2019-02-07 00:00:00+09:00,11795.0,11845.0,11565.0,11755.0,10716.2451171875,698200
2019-02-08 00:00:00+09:00,11595.0,11715.0,11415.0,11415.0,10406.2890625,920900
2019-02-12 00:00:00+09:00,11525.0,11915.0,11505.0,11810.0,10766.3857421875,1317700
2019-02-13 00:00:00+09:00,11850.0,12120.0,11825.0,12090.0,11021.640625,1059400
2019-02-14 00:00:00+09:00,12240.0,12245.0,12020.0,12175.0,11099.1318359375,1230700
2019-02-15 00:00:00+09:00,12175.0,12225.0,11950.0,11965.0,10907.6875,1058900
2019-02-18 00:00:00+09:00,12200.0,12205.0,12050.0,12090.0,11021.640625,634300
2019-02-19 00:00:00+09:00,12090.0,12125.0,11960.0,12080.0,11012.5234375,501100
2019-02-20 00:00:00+09:00,12165.0,12400.0,12140.0,12350.0,11258.66796875,1087300
2019-02-21 00:00:00+09:00,12300.0,12330.0,12060.0,12250.0,11167.50390625,788800
2019-02-22 00:00:00+09:00,12160.0,12230.0,12115.0,12125.0,11053.5498046875,529500
2019-02-25 00:00:00+09:00,12240.0,12265.0,12135.0,12200.0,11121.919921875,616800
2019-02-26 00:00:00+09:00,12155.0,12230.0,12080.0,12155.0,11080.8984375,633100
2019-02-27 00:00:00+09:00,12170.0,12240.0,12090.0,12145.0,11071.78125,715400
2019-02-28 00:00:00+09:00,12105.0,12185.0,12075.0,12090.0,11021.640625,669600
2019-03-01 00:00:00+09:00,12225.0,12445.0,12210.0,12375.0,11281.458984375,752300
2019-03-04 00:00:00+09:00,12525.0,12725.0,12505.0,12690.0,11568.6220703125,898500
2019-03-05 00:00:00+09:00,12580.0,12640.0,12485.0,12575.0,11463.7841796875,572300
2019-03-06 00:00:00+09:00,12575.0,12575.0,12415.0,12480.0,11377.1787109375,654600
2019-03-07 00:00:00+09:00,12570.0,12635.0,12490.0,12635.0,11518.48046875,882500
2019-03-08 00:00:00+09:00,12655.0,12680.0,12315.0,12380.0,11286.015625,1713000
2019-03-11 00:00:00+09:00,12445.0,12465.0,12320.0,12435.0,11336.1552734375,287800
2019-03-12 00:00:00+09:00,12630.0,12680.0,12465.0,12530.0,11422.759765625,517700
2019-03-13 00:00:00+09:00,12405.0,12450.0,12180.0,12265.0,11181.1787109375,438300
2019-03-14 00:00:00+09:00,12435.0,12465.0,12295.0,12340.0,11249.5498046875,358800
2019-03-15 00:00:00+09:00,12335.0,12430.0,12315.0,12325.0,11235.875,944500
2019-03-18 00:00:00+09:00,12355.0,12455.0,12335.0,12425.0,11327.0400390625,222600
2019-03-19 00:00:00+09:00,12480.0,12715.0,12415.0,12675.0,11554.947265625,491900
2019-03-20 00:00:00+09:00,12580.0,12695.0,12550.0,12610.0,11495.69140625,687200
2019-03-22 00:00:00+09:00,12675.0,12795.0,12610.0,12700.0,11577.7373046875,680000
2019-03-25 00:00:00+09:00,12455.0,12475.0,12185.0,12210.0,11131.041015625,435700
2019-03-26 00:00:00+09:00,12475.0,12745.0,12420.0,12735.0,11609.64453125,502400
2019-03-27 00:00:00+09:00,12815.0,12840.0,12660.0,12705.0,11664.734375,470400
2019-03-28 00:00:00+09:00,12710.0,12720.0,12460.0,12545.0,11517.8310546875,447800
2019-03-29 00:00:00+09:00,12825.0,13015.0,12760.0,12970.0,11908.0341796875,986800
2019-04-01 00:00:00+09:00,13145.0,13205.0,12835.0,12895.0,11839.1767578125,726900
2019-04-02 00:00:00+09:00,13130.0,13155.0,12950.0,13015.0,11949.3505859375,458900
2019-04-03 00:00:00+09:00,13040.0,13075.0,12820.0,12930.0,11871.3095703125,576100
2019-04-04 00:00:00+09:00,12970.0,13005.0,12905.0,12990.0,11926.3974609375,279500
2019-04-05 00:00:00+09:00,13080.0,13110.0,13030.0,13090.0,12018.2099609375,662500
2019-04-08 00:00:00+09:00,13200.0,13210.0,13110.0,13165.0,12087.0693359375,369100
2019-04-09 00:00:00+09:00,13230.0,13280.0,13120.0,13210.0,12128.3828125,525900
2019-04-10 00:00:00+09:00,13110.0,13140.0,12965.0,13120.0,12045.7529296875,282800
2019-04-11 00:00:00+09:00,13040.0,13265.0,13025.0,13255.0,12169.7001953125,336000
2019-04-12 00:00:00+09:00,13400.0,13400.0,13170.0,13265.0,12178.880859375,913400
2019-04-15 00:00:00+09:00,13460.0,13495.0,13230.0,13355.0,12261.51171875,801200
2019-04-16 00:00:00+09:00,13285.0,13390.0,13255.0,13320.0,12229.3798828125,623600
2019-04-17 00:00:00+09:00,13360.0,13360.0,13190.0,13245.0,12160.5166015625,660000
2019-04-18 00:00:00+09:00,13305.0,13340.0,13205.0,13225.0,12142.1572265625,453100
2019-04-19 00:00:00+09:00,13320.0,13470.0,13250.0,13470.0,12367.095703125,499900
2019-04-22 00:00:00+09:00,13525.0,13540.0,13390.0,13400.0,12302.8251953125,527700
2019-04-23 00:00:00+09:00,13435.0,13630.0,13405.0,13630.0,12513.9951171875,604600
2019-04-24 00:00:00+09:00,13650.0,13775.0,13590.0,13720.0,12596.625,969600
2019-04-25 00:00:00+09:00,13695.0,13795.0,13645.0,13745.0,12619.5791015625,640200
2019-04-26 00:00:00+09:00,13645.0,14100.0,13610.0,14100.0,12945.5126953125,1279700
2019-05-07 00:00:00+09:00,13890.0,13965.0,13755.0,13805.0,12674.66796875,933600
2019-05-08 00:00:00+09:00,13630.0,13655.0,13255.0,13400.0,12302.8251953125,1054900
2019-05-09 00:00:00+09:00,13260.0,13325.0,13095.0,13240.0,12155.927734375,820200
2019-05-10 00:00:00+09:00,13370.0,13820.0,13260.0,13625.0,12509.4052734375,1425500
2019-05-13 00:00:00+09:00,13690.0,13865.0,13465.0,13520.0,12413.0029296875,945900
2019-05-14 00:00:00+09:00,13220.0,13290.0,13035.0,13175.0,12096.2490234375,977700
2019-05-15 00:00:00+09:00,13300.0,13550.0,13205.0,13535.0,12426.7724609375,722900
2019-05-16 00:00:00+09:00,13555.0,13595.0,13385.0,13585.0,12472.6787109375,687000
2019-05-17 00:00:00+09:00,13765.0,13905.0,13655.0,13720.0,12596.625,676700
2019-05-20 00:00:00+09:00,13885.0,14050.0,13810.0,14025.0,12876.6513671875,733000
2019-05-21 00:00:00+09:00,13925.0,13945.0,13655.0,13760.0,12633.3515625,723000
2019-05-22 00:00:00+09:00,13900.0,13995.0,13825.0,13925.0,12784.841796875,736800
2019-05-23 00:00:00+09:00,13895.0,13995.0,13795.0,13840.0,12706.80078125,655700
2019-05-24 00:00:00+09:00,13775.0,13870.0,13630.0,13850.0,12715.98046875,603900
2019-05-27 00:00:00+09:00,13840.0,13845.0,13605.0,13675.0,12555.3115234375,579500
2019-05-28 00:00:00+09:00,13740.0,13875.0,13680.0,13810.0,12679.2578125,537500
2019-05-29 00:00:00+09:00,13785.0,13845.0,13585.0,13800.0,12670.07421875,659000
2019-05-30 00:00:00+09:00,13610.0,13705.0,13595.0,13695.0,12573.6708984375,490100
2019-05-31 00:00:00+09:00,13605.0,13630.0,13210.0,13230.0,12146.748046875,988300
2019-06-03 00:00:00+09:00,12975.0,13040.0,12860.0,13040.0,11972.3037109375,891800
2019-06-04 00:00:00+09:00,13010.0,13020.0,12720.0,12885.0,11829.9970703125,992100
2019-06-05 00:00:00+09:00,13225.0,13445.0,13190.0,13345.0,12252.33203125,678500
2019-06-06 00:00:00+09:00,13380.0,13450.0,13310.0,13345.0,12252.33203125,487000
2019-06-07 00:00:00+09:00,13475.0,13635.0,13420.0,13520.0,12413.0029296875,532100
2019-06-10 00:00:00+09:00,13615.0,13785.0,13520.0,13730.0,12605.8076171875,795600
2019-06-11 00:00:00+09:00,13745.0,13905.0,13710.0,13770.0,12642.5322265625,515800
2019-06-12 00:00:00+09:00,13705.0,13790.0,13685.0,13685.0,12564.490234375,697800
2019-06-13 00:00:00+09:00,13505.0,13675.0,13500.0,13620.0,12504.814453125,611100
2019-06-14 00:00:00+09:00,13660.0,13860.0,13585.0,13815.0,12683.84765625,980900
2019-06-17 00:00:00+09:00,13900.0,13960.0,13835.0,13855.0,12720.5712890625,590400
2019-06-18 00:00:00+09:00,13770.0,13925.0,13690.0,13705.0,12582.8544921875,520900
2019-06-19 00:00:00+09:00,13910.0,14020.0,13860.0,13930.0,12789.4326171875,748300
2019-06-20 00:00:00+09:00,14050.0,14160.0,14005.0,14050.0,12899.607421875,672700
2019-06-21 00:00:00+09:00,14070.0,14125.0,13815.0,13900.0,12761.8876953125,1645600
2019-06-24 00:00:00+09:00,13875.0,13990.0,13845.0,13850.0,12715.98046875,308200
2019-06-25 00:00:00+09:00,13870.0,13900.0,13765.0,13850.0,12715.98046875,456900
2019-06-26 00:00:00+09:00,13790.0,13840.0,13660.0,13695.0,12573.6708984375,437200
2019-06-27 00:00:00+09:00,13880.0,14425.0,13855.0,14415.0,13234.72265625,1295100
2019-06-28 00:00:00+09:00,14345.0,14370.0,14035.0,14065.0,12913.376953125,1234000
2019-07-01 00:00:00+09:00,14355.0,14555.0,14285.0,14520.0,13331.123046875,936700
2019-07-02 00:00:00+09:00,14530.0,14695.0,14425.0,14680.0,13478.0224609375,772700
2019-07-03 00:00:00+09:00,14765.0,14815.0,14665.0,14785.0,13574.427734375,881100
2019-07-04 00:00:00+09:00,14740.0,14815.0,14715.0,14815.0,13601.9716796875,559600
2019-07-05 00:00:00+09:00,14775.0,14810.0,14640.0,14725.0,13519.3369140625,485900
2019-07-08 00:00:00+09:00,14555.0,14655.0,14450.0,14465.0,13280.625,680200
2019-07-09 00:00:00+09:00,14400.0,14420.0,14290.0,14345.0,13170.451171875,562600
2019-07-10 00:00:00+09:00,14130.0,14265.0,14065.0,14160.0,13000.6005859375,924400
2019-07-11 00:00:00+09:00,14110.0,14155.0,14030.0,14045.0,12895.0166015625,537500
2019-07-12 00:00:00+09:00,14115.0,14190.0,14080.0,14140.0,12982.236328125,707500
2019-07-16 00:00:00+09:00,14235.0,14305.0,14045.0,14055.0,12904.197265625,635800
2019-07-17 00:00:00+09:00,14100.0,14330.0,14045.0,14285.0,13115.3642578125,714100
2019-07-18 00:00:00+09:00,14170.0,14185.0,13765.0,13825.0,12693.0283203125,832100
2019-07-19 00:00:00+09:00,13905.0,14135.0,13880.0,14135.0,12977.646484375,561200
2019-07-22 00:00:00+09:00,13985.0,14000.0,13855.0,13885.0,12748.1162109375,634000
2019-07-23 00:00:00+09:00,13690.0,13835.0,13605.0,13775.0,12647.1220703125,933400
2019-07-24 00:00:00+09:00,13900.0,13900.0,13630.0,13680.0,12559.90234375,659200
2019-07-25 00:00:00+09:00,13775.0,14005.0,13735.0,13905.0,12766.478515625,662300
2019-07-26 00:00:00+09:00,13845.0,13845.0,13685.0,13825.0,12693.0283203125,546100
2019-07-29 00:00:00+09:00,13735.0,13735.0,13585.0,13670.0,12550.71875,532700
2019-07-30 00:00:00+09:00,13705.0,13720.0,13595.0,13670.0,12550.71875,520100
2019-07-31 00:00:00+09:00,13520.0,13640.0,13485.0,13585.0,12472.6787109375,736600
2019-08-01 00:00:00+09:00,13450.0,13660.0,13385.0,13660.0,12541.5390625,591000
2019-08-02 00:00:00+09:00,13430.0,13500.0,13300.0,13465.0,12362.5029296875,1076100
2019-08-05 00:00:00+09:00,13305.0,13340.0,12850.0,13045.0,11976.89453125,830200
2019-08-06 00:00:00+09:00,12510.0,13095.0,12510.0,13030.0,11963.1220703125,861400
2019-08-07 00:00:00+09:00,13550.0,13595.0,12780.0,13160.0,12082.4775390625,1321300
2019-08-08 00:00:00+09:00,13130.0,13540.0,13085.0,13510.0,12403.8203125,942500
2019-08-09 00:00:00+09:00,13800.0,13810.0,13415.0,13600.0,12486.451171875,948600
2019-08-13 00:00:00+09:00,13560.0,13570.0,13305.0,13395.0,12298.236328125,691000
2019-08-14 00:00:00+09:00,13535.0,13550.0,13275.0,13365.0,12270.693359375,522700
2019-08-15 00:00:00+09:00,13065.0,13285.0,13000.0,13270.0,12183.4716796875,602900
2019-08-16 00:00:00+09:00,13320.0,13430.0,13270.0,13340.0,12247.73828125,537400
2019-08-19 00:00:00+09:00,13430.0,13450.0,13140.0,13270.0,12183.4716796875,444700
2019-08-20 00:00:00+09:00,13345.0,13370.0,13235.0,13350.0,12256.9208984375,384300
2019-08-21 00:00:00+09:00,13170.0,13415.0,13150.0,13400.0,12302.8251953125,356100
2019-08-22 00:00:00+09:00,13450.0,13490.0,13230.0,13235.0,12151.3369140625,524200
2019-08-23 00:00:00+09:00,13170.0,13440.0,13170.0,13435.0,12334.9619140625,555400
2019-08-26 00:00:00+09:00,13000.0,13255.0,13000.0,13200.0,12119.2041015625,801900
2019-08-27 00:00:00+09:00,13345.0,13415.0,13295.0,13370.0,12275.283203125,563900
2019-08-28 00:00:00+09:00,13385.0,13460.0,13330.0,13365.0,12270.693359375,594800
2019-08-29 00:00:00+09:00,13350.0,13390.0,13140.0,13190.0,12110.0205078125,417900
2019-08-30 00:00:00+09:00,13260.0,13275.0,13140.0,13155.0,12077.888671875,868700
2019-09-02 00:00:00+09:00,13170.0,13190.0,13120.0,13150.0,12073.2958984375,488300
2019-09-03 00:00:00+09:00,13090.0,13275.0,13035.0,13210.0,12128.3828125,638800
2019-09-04 00:00:00+09:00,13120.0,13340.0,13120.0,13300.0,12211.0146484375,470900
2019-09-05 00:00:00+09:00,13485.0,13675.0,13440.0,13580.0,12468.087890625,1011600
2019-09-06 00:00:00+09:00,13800.0,14080.0,13770.0,14075.0,12922.5595703125,1408400
2019-09-09 00:00:00+09:00,14070.0,14170.0,14005.0,14060.0,12908.7861328125,683100
2019-09-10 00:00:00+09:00,13955.0,14000.0,13715.0,13750.0,12624.169921875,831800
2019-09-11 00:00:00+09:00,13755.0,13795.0,13525.0,13680.0,12559.90234375,998400
2019-09-12 00:00:00+09:00,14050.0,14235.0,13935.0,14220.0,13055.6865234375,1321100
2019-09-13 00:00:00+09:00,14290.0,14400.0,14175.0,14330.0,13156.6806640625,1745500
2019-09-17 00:00:00+09:00,14255.0,14365.0,14165.0,14335.0,13161.271484375,853600
2019-09-18 00:00:00+09:00,14335.0,14430.0,14310.0,14405.0,13225.5390625,736500
2019-09-19 00:00:00+09:00,14470.0,14525.0,14365.0,14475.0,13289.8076171875,799800
2019-09-20 00:00:00+09:00,14515.0,14515.0,14350.0,14380.0,13202.587890625,995900
2019-09-24 00:00:00+09:00,14415.0,14435.0,14315.0,14340.0,13165.861328125,585400
2019-09-25 00:00:00+09:00,14175.0,14195.0,13980.0,14010.0,12862.8818359375,780200
2019-09-26 00:00:00+09:00,14220.0,14240.0,14100.0,14215.0,13051.0966796875,761700
2019-09-27 00:00:00+09:00,14340.0,14375.0,14070.0,14175.0,13088.0302734375,786000
2019-09-30 00:00:00+09:00,14195.0,14290.0,14085.0,14180.0,13092.6455078125,774900
2019-10-01 00:00:00+09:00,14155.0,14265.0,14100.0,14150.0,13064.9462890625,632600
2019-10-02 00:00:00+09:00,14130.0,14205.0,14050.0,14145.0,13060.3310546875,679000
2019-10-03 00:00:00+09:00,13900.0,14025.0,13850.0,13900.0,12834.1181640625,598600
2019-10-04 00:00:00+09:00,13880.0,14025.0,13845.0,14020.0,12944.9150390625,539500
2019-10-07 00:00:00+09:00,14030.0,14210.0,14020.0,14080.0,13000.3134765625,418900
2019-10-08 00:00:00+09:00,14150.0,14245.0,14130.0,14215.0,13124.9638671875,552300
2019-10-09 00:00:00+09:00,14050.0,14075.0,13920.0,14050.0,12972.615234375,557500
2019-10-10 00:00:00+09:00,14080.0,14130.0,13875.0,14070.0,12991.08203125,521400
2019-10-11 00:00:00+09:00,14225.0,14250.0,13995.0,14125.0,13041.8642578125,718700
2019-10-15 00:00:00+09:00,14400.0,14500.0,14325.0,14440.0,13332.70703125,661700
2019-10-16 00:00:00+09:00,14640.0,14780.0,14445.0,14555.0,13438.890625,795400
2019-10-17 00:00:00+09:00,14595.0,14615.0,14475.0,14545.0,13429.65625,712900
2019-10-18 00:00:00+09:00,14665.0,14705.0,14545.0,14570.0,13452.7392578125,603100
2019-10-21 00:00:00+09:00,14600.0,14805.0,14600.0,14720.0,13591.2373046875,534300
2019-10-23 00:00:00+09:00,14785.0,15000.0,14760.0,14990.0,13840.5322265625,886500
2019-10-24 00:00:00+09:00,15000.0,15025.0,14825.0,14970.0,13822.0673828125,780000
2019-10-25 00:00:00+09:00,15020.0,15050.0,14940.0,15035.0,13882.08203125,701200
2019-10-28 00:00:00+09:00,15015.0,15230.0,14945.0,15230.0,14062.1318359375,802100
2019-10-29 00:00:00+09:00,15330.0,15415.0,15250.0,15310.0,14135.99609375,690800
2019-10-30 00:00:00+09:00,15400.0,15485.0,15145.0,15185.0,14020.580078125,1511500
2019-10-31 00:00:00+09:00,15325.0,15365.0,15155.0,15230.0,14062.1318359375,670300
2019-11-01 00:00:00+09:00,15000.0,15175.0,14995.0,15170.0,14006.73046875,425800
2019-11-05 00:00:00+09:00,15425.0,15630.0,15315.0,15590.0,14394.5224609375,903400
2019-11-06 00:00:00+09:00,15795.0,15795.0,15540.0,15640.0,14440.6884765625,629900
2019-11-07 00:00:00+09:00,15500.0,15550.0,15340.0,15430.0,14246.7939453125,794200
2019-11-08 00:00:00+09:00,15600.0,15600.0,15150.0,15235.0,14066.7451171875,1246700
2019-11-11 00:00:00+09:00,15235.0,15405.0,15220.0,15290.0,14117.5283203125,487500
2019-11-12 00:00:00+09:00,15290.0,15505.0,15280.0,15480.0,14292.9580078125,448700
2019-11-13 00:00:00+09:00,15450.0,15550.0,15350.0,15390.0,14209.861328125,443800
2019-11-14 00:00:00+09:00,15390.0,15500.0,15325.0,15365.0,14186.7783203125,439000
2019-11-15 00:00:00+09:00,15380.0,15505.0,15245.0,15440.0,14256.0283203125,612800
2019-11-18 00:00:00+09:00,15405.0,15545.0,15400.0,15545.0,14352.974609375,377100
2019-11-19 00:00:00+09:00,15480.0,15560.0,15440.0,15490.0,14302.1923828125,349700
2019-11-20 00:00:00+09:00,15430.0,15465.0,15315.0,15395.0,14214.4775390625,551400
2019-11-21 00:00:00+09:00,15425.0,15485.0,15180.0,15460.0,14274.4921875,592400
2019-11-22 00:00:00+09:00,15520.0,15735.0,15470.0,15650.0,14449.923828125,531700
2019-11-25 00:00:00+09:00,15680.0,15730.0,15570.0,15600.0,14403.7578125,362800
2019-11-26 00:00:00+09:00,15710.0,15785.0,15545.0,15570.0,14376.05859375,760500
2019-11-27 00:00:00+09:00,15695.0,15885.0,15690.0,15875.0,14657.66796875,665400
2019-11-28 00:00:00+09:00,15845.0,15870.0,15730.0,15815.0,14602.2705078125,494200
2019-11-29 00:00:00+09:00,15900.0,15950.0,15720.0,15745.0,14537.6376953125,535600
2019-12-02 00:00:00+09:00,15795.0,15865.0,15685.0,15770.0,14560.72265625,444100
2019-12-03 00:00:00+09:00,15520.0,15650.0,15470.0,15640.0,14440.6884765625,491400
2019-12-04 00:00:00+09:00,15580.0,15605.0,15405.0,15525.0,14334.5068359375,531000
2019-12-05 00:00:00+09:00,15680.0,15805.0,15610.0,15680.0,14477.6220703125,477100
2019-12-06 00:00:00+09:00,15835.0,15840.0,15650.0,15680.0,14477.6220703125,455800
2019-12-09 00:00:00+09:00,15850.0,15850.0,15655.0,15770.0,14560.72265625,397800
2019-12-10 00:00:00+09:00,15670.0,15720.0,15625.0,15675.0,14473.0048828125,381000
2019-12-11 00:00:00+09:00,15660.0,15695.0,15570.0,15590.0,14394.5224609375,444500
2019-12-12 00:00:00+09:00,15675.0,15745.0,15590.0,15685.0,14482.2373046875,408300
2019-12-13 00:00:00+09:00,16000.0,16275.0,15955.0,16225.0,14980.8310546875,1430900
2019-12-16 00:00:00+09:00,16130.0,16155.0,15900.0,15900.0,14680.7529296875,778600
2019-12-17 00:00:00+09:00,16030.0,16030.0,15875.0,15970.0,14745.3837890625,609700
2019-12-18 00:00:00+09:00,15850.0,15895.0,15670.0,15725.0,14519.1708984375,596600
2019-12-19 00:00:00+09:00,15615.0,15655.0,15480.0,15560.0,14366.8251953125,560000
2019-12-20 00:00:00+09:00,15490.0,15550.0,15395.0,15470.0,14283.724609375,608700
2019-12-23 00:00:00+09:00,15585.0,15585.0,15460.0,15525.0,14334.5068359375,371100
2019-12-24 00:00:00+09:00,15505.0,15605.0,15440.0,15590.0,14394.5224609375,291400
2019-12-25 00:00:00+09:00,15640.0,15640.0,15555.0,15585.0,14389.90625,178300
2019-12-26 00:00:00+09:00,15535.0,15670.0,15535.0,15670.0,14468.3896484375,235700
2019-12-27 00:00:00+09:00,15740.0,15740.0,15575.0,15575.0,14380.6728515625,341300
2019-12-30 00:00:00+09:00,15620.0,15620.0,15450.0,15450.0,14265.259765625,392700
2020-01-06 00:00:00+09:00,15190.0,15220.0,14990.0,15105.0,13946.712890625,785900
2020-01-07 00:00:00+09:00,15130.0,15470.0,15055.0,15470.0,14283.724609375,694400
2020-01-08 00:00:00+09:00,15000.0,15215.0,14880.0,15150.0,13988.26171875,990700
2020-01-09 00:00:00+09:00,15450.0,15495.0,15280.0,15465.0,14279.1083984375,709800
2020-01-10 00:00:00+09:00,15465.0,15545.0,15395.0,15505.0,14316.0419921875,720800
2020-01-14 00:00:00+09:00,15500.0,15580.0,15455.0,15580.0,14385.2900390625,761000
2020-01-15 00:00:00+09:00,15420.0,15470.0,15280.0,15285.0,14112.9130859375,618000
2020-01-16 00:00:00+09:00,15560.0,15680.0,15500.0,15555.0,14362.20703125,633200
2020-01-17 00:00:00+09:00,15550.0,15640.0,15540.0,15630.0,14431.45703125,654300
2020-01-20 00:00:00+09:00,15795.0,15955.0,15750.0,15945.0,14722.3017578125,634400
2020-01-21 00:00:00+09:00,15960.0,16040.0,15865.0,15935.0,14713.0673828125,745500
2020-01-22 00:00:00+09:00,16040.0,16310.0,15990.0,16300.0,15050.080078125,1000200
2020-01-23 00:00:00+09:00,16330.0,16340.0,16035.0,16070.0,14837.7158203125,786600
2020-01-24 00:00:00+09:00,16200.0,16210.0,15930.0,16030.0,14800.783203125,468500
2020-01-27 00:00:00+09:00,15720.0,15940.0,15700.0,15780.0,14569.953125,577500
2020-01-28 00:00:00+09:00,15530.0,15530.0,15385.0,15435.0,14251.4072265625,708500
2020-01-29 00:00:00+09:00,15645.0,15720.0,15510.0,15695.0,14491.4697265625,657600
2020-01-30 00:00:00+09:00,15730.0,15790.0,15330.0,15420.0,14237.560546875,626500
2020-01-31 00:00:00+09:00,15525.0,15815.0,15475.0,15635.0,14436.072265625,639500
2020-02-03 00:00:00+09:00,15390.0,15645.0,15295.0,15595.0,14399.140625,746800
2020-02-04 00:00:00+09:00,15695.0,15700.0,15500.0,15615.0,14417.60546875,616900
2020-02-05 00:00:00+09:00,15760.0,15880.0,15610.0,15780.0,14569.953125,664600
2020-02-06 00:00:00+09:00,16095.0,16535.0,16040.0,16380.0,15123.9462890625,1021200
2020-02-07 00:00:00+09:00,16450.0,16485.0,16255.0,16345.0,15091.62890625,551000
2020-02-10 00:00:00+09:00,16250.0,16310.0,16170.0,16210.0,14966.9814453125,544600
2020-02-12 00:00:00+09:00,16155.0,16245.0,16005.0,16070.0,14837.7158203125,643100
2020-02-13 00:00:00+09:00,15550.0,15645.0,15380.0,15540.0,14348.357421875,1327400
2020-02-14 00:00:00+09:00,15535.0,15550.0,15105.0,15120.0,13960.5673828125,1093600
2020-02-17 00:00:00+09:00,15195.0,15300.0,14990.0,15220.0,14052.896484375,681200
2020-02-18 00:00:00+09:00,15200.0,15355.0,15155.0,15290.0,14117.5283203125,646900
2020-02-19 00:00:00+09:00,15595.0,15695.0,15395.0,15590.0,14394.5224609375,967300
2020-02-20 00:00:00+09:00,15595.0,15720.0,15285.0,15445.0,14260.642578125,766900
2020-02-21 00:00:00+09:00,15575.0,15650.0,15415.0,15455.0,14269.876953125,739700
2020-02-25 00:00:00+09:00,15460.0,15460.0,15015.0,15300.0,14126.7607421875,1426200
2020-02-26 00:00:00+09:00,15225.0,15490.0,15105.0,15415.0,14232.943359375,1407200
2020-02-27 00:00:00+09:00,15250.0,15405.0,15100.0,15175.0,14011.34765625,1230800
2020-02-28 00:00:00+09:00,14765.0,14945.0,14490.0,14725.0,13595.853515625,1857500
2020-03-02 00:00:00+09:00,14640.0,14875.0,14380.0,14670.0,13545.0712890625,1502500
2020-03-03 00:00:00+09:00,14700.0,14880.0,14320.0,14320.0,13221.91015625,1230300
2020-03-04 00:00:00+09:00,14320.0,14470.0,14260.0,14290.0,13194.2119140625,957200
2020-03-05 00:00:00+09:00,14580.0,14580.0,14295.0,14440.0,13332.70703125,1255300
2020-03-06 00:00:00+09:00,14240.0,14305.0,13850.0,13970.0,12898.7490234375,1227600
2020-03-09 00:00:00+09:00,13400.0,13585.0,12995.0,13150.0,12141.6279296875,1488600
2020-03-10 00:00:00+09:00,13040.0,13385.0,12600.0,13320.0,12298.5927734375,1420000
2020-03-11 00:00:00+09:00,13125.0,13400.0,12890.0,12920.0,11929.2646484375,1477600
2020-03-12 00:00:00+09:00,12585.0,12940.0,12360.0,12535.0,11573.787109375,2201500
2020-03-13 00:00:00+09:00,11535.0,12400.0,11370.0,11860.0,10950.5478515625,2773500
2020-03-16 00:00:00+09:00,12160.0,12275.0,11605.0,11675.0,10779.7353515625,1794300
2020-03-17 00:00:00+09:00,11570.0,12595.0,11310.0,12090.0,11162.9130859375,2643500
2020-03-18 00:00:00+09:00,12295.0,13040.0,12280.0,12600.0,11633.802734375,1637500
2020-03-19 00:00:00+09:00,13050.0,13350.0,12610.0,13280.0,12261.6591796875,2241100
2020-03-23 00:00:00+09:00,12680.0,12820.0,12215.0,12550.0,11587.638671875,2116800
2020-03-24 00:00:00+09:00,13150.0,13475.0,12820.0,13185.0,12173.9453125,1512300
2020-03-25 00:00:00+09:00,13485.0,14185.0,13405.0,14040.0,12963.380859375,1780100
2020-03-26 00:00:00+09:00,13780.0,14025.0,13410.0,13530.0,12492.48828125,1419500
2020-03-27 00:00:00+09:00,13830.0,13965.0,13240.0,13795.0,12737.169921875,2216600
2020-03-30 00:00:00+09:00,13180.0,13370.0,12955.0,13070.0,12138.1552734375,1870800
2020-03-31 00:00:00+09:00,13155.0,13330.0,13100.0,13170.0,12231.0244140625,1632300
2020-04-01 00:00:00+09:00,12870.0,13255.0,12660.0,12770.0,11859.5439453125,995600
2020-04-02 00:00:00+09:00,12915.0,12980.0,12515.0,12540.0,11645.94140625,1087900
2020-04-03 00:00:00+09:00,12865.0,13255.0,12630.0,12900.0,11980.2744140625,971100
2020-04-06 00:00:00+09:00,13075.0,13340.0,12820.0,13175.0,12235.66796875,1102600
2020-04-07 00:00:00+09:00,13600.0,13815.0,13385.0,13720.0,12741.8125,1110400
2020-04-08 00:00:00+09:00,13835.0,14080.0,13710.0,13995.0,12997.205078125,1018800
2020-04-09 00:00:00+09:00,13990.0,14050.0,13780.0,13905.0,12913.6201171875,683800
2020-04-10 00:00:00+09:00,14045.0,14045.0,13730.0,13915.0,12922.908203125,818900
2020-04-13 00:00:00+09:00,13735.0,13925.0,13685.0,13690.0,12713.951171875,445400
2020-04-14 00:00:00+09:00,13725.0,13990.0,13615.0,13935.0,12941.4833984375,667000
2020-04-15 00:00:00+09:00,13865.0,13880.0,13710.0,13835.0,12848.61328125,835700
2020-04-16 00:00:00+09:00,13595.0,13665.0,13395.0,13425.0,12467.8447265625,895500
2020-04-17 00:00:00+09:00,13625.0,13770.0,13475.0,13655.0,12681.4453125,1061100
2020-04-20 00:00:00+09:00,13510.0,13580.0,13220.0,13290.0,12342.4697265625,1009900
2020-04-21 00:00:00+09:00,13110.0,13230.0,13015.0,13095.0,12161.37109375,767200
2020-04-22 00:00:00+09:00,13000.0,13270.0,12825.0,13270.0,12323.89453125,862700
2020-04-23 00:00:00+09:00,13455.0,13500.0,13235.0,13295.0,12347.11328125,708100
2020-04-24 00:00:00+09:00,13215.0,13240.0,13080.0,13195.0,12254.2421875,639000
2020-04-27 00:00:00+09:00,13200.0,13495.0,13180.0,13455.0,12495.7060546875,796700
2020-04-28 00:00:00+09:00,13485.0,13540.0,13400.0,13535.0,12570.0029296875,625900
2020-04-30 00:00:00+09:00,13990.0,14135.0,13795.0,14005.0,13006.4921875,1111300
2020-05-01 00:00:00+09:00,13995.0,13995.0,13485.0,13525.0,12560.71484375,895600
2020-05-07 00:00:00+09:00,13320.0,13790.0,13310.0,13690.0,12713.951171875,698500
2020-05-08 00:00:00+09:00,14115.0,14145.0,13830.0,14090.0,13085.43359375,1099000
2020-05-11 00:00:00+09:00,14095.0,14280.0,14045.0,14050.0,13048.2841796875,609600
2020-05-12 00:00:00+09:00,13995.0,14145.0,13940.0,14080.0,13076.1435546875,482400
2020-05-13 00:00:00+09:00,13680.0,14260.0,13635.0,14175.0,13164.3701171875,941000
2020-05-14 00:00:00+09:00,14275.0,14380.0,14050.0,14085.0,13080.787109375,811900
2020-05-15 00:00:00+09:00,14265.0,14425.0,14145.0,14425.0,13396.5478515625,958700
2020-05-18 00:00:00+09:00,14380.0,14550.0,14285.0,14505.0,13470.84375,764300
2020-05-19 00:00:00+09:00,14850.0,14895.0,14640.0,14725.0,13675.1572265625,735100
2020-05-20 00:00:00+09:00,14900.0,15005.0,14800.0,14925.0,13860.900390625,657700
2020-05-21 00:00:00+09:00,14985.0,15035.0,14845.0,14900.0,13837.6826171875,470000
2020-05-22 00:00:00+09:00,14940.0,14985.0,14750.0,14800.0,13744.810546875,476000
2020-05-25 00:00:00+09:00,15085.0,15090.0,14855.0,14970.0,13902.6904296875,347100
2020-05-26 00:00:00+09:00,15045.0,15285.0,14980.0,15230.0,14144.154296875,491000
2020-05-27 00:00:00+09:00,15490.0,15700.0,15305.0,15650.0,14534.208984375,901200
2020-05-28 00:00:00+09:00,15835.0,16160.0,15675.0,15935.0,14798.8916015625,1214200
2020-05-29 00:00:00+09:00,16100.0,16245.0,15805.0,15850.0,14719.94921875,1189200
2020-06-01 00:00:00+09:00,16005.0,16075.0,15875.0,15950.0,14812.8203125,657800
2020-06-02 00:00:00+09:00,15950.0,16300.0,15940.0,16280.0,15119.2919921875,605500
2020-06-03 00:00:00+09:00,16400.0,16600.0,16350.0,16470.0,15295.7451171875,864900
2020-06-04 00:00:00+09:00,16650.0,16720.0,16390.0,16600.0,15416.478515625,874400
2020-06-05 00:00:00+09:00,16645.0,16920.0,16525.0,16920.0,15713.6611328125,862800
2020-06-08 00:00:00+09:00,17190.0,17190.0,16570.0,16680.0,15490.7734375,1118000
2020-06-09 00:00:00+09:00,16710.0,16975.0,16705.0,16950.0,15741.5263671875,756900
2020-06-10 00:00:00+09:00,16900.0,16985.0,16675.0,16760.0,15565.0712890625,871400
2020-06-11 00:00:00+09:00,16540.0,16640.0,16435.0,16515.0,15337.5380859375,859300
2020-06-12 00:00:00+09:00,16305.0,16425.0,15995.0,16415.0,15244.6669921875,1365100
2020-06-15 00:00:00+09:00,16300.0,16410.0,15870.0,15915.0,14780.3154296875,580000
2020-06-16 00:00:00+09:00,16410.0,16665.0,16210.0,16665.0,15476.8447265625,965200
2020-06-17 00:00:00+09:00,16515.0,16570.0,16375.0,16495.0,15318.96484375,680000
2020-06-18 00:00:00+09:00,16390.0,16545.0,16230.0,16500.0,15323.6064453125,470800
2020-06-19 00:00:00+09:00,16565.0,16660.0,16485.0,16570.0,15388.6162109375,774900
2020-06-22 00:00:00+09:00,16500.0,16710.0,16435.0,16625.0,15439.6943359375,419500
2020-06-23 00:00:00+09:00,16660.0,17025.0,16585.0,16785.0,15588.2880859375,947900
2020-06-24 00:00:00+09:00,16835.0,16995.0,16755.0,16925.0,15718.306640625,677500
2020-06-25 00:00:00+09:00,16880.0,17060.0,16790.0,16860.0,15657.9404296875,850500
2020-06-26 00:00:00+09:00,17055.0,17195.0,16960.0,17175.0,15950.482421875,807000
2020-06-29 00:00:00+09:00,16995.0,17160.0,16895.0,16925.0,15718.306640625,711600
2020-06-30 00:00:00+09:00,17255.0,17465.0,17215.0,17335.0,16099.0771484375,976300
2020-07-01 00:00:00+09:00,17560.0,17645.0,17430.0,17525.0,16275.52734375,948900
2020-07-02 00:00:00+09:00,17410.0,17670.0,17400.0,17525.0,16275.52734375,759800
2020-07-03 00:00:00+09:00,17690.0,17715.0,17535.0,17710.0,16447.33984375,564500
2020-07-06 00:00:00+09:00,17750.0,18120.0,17735.0,18120.0,16828.107421875,609500
2020-07-07 00:00:00+09:00,18385.0,18390.0,18070.0,18165.0,16869.896484375,752300
2020-07-08 00:00:00+09:00,18130.0,18550.0,18100.0,18365.0,17055.640625,863800
2020-07-09 00:00:00+09:00,18915.0,18915.0,18395.0,18460.0,17143.8671875,918800
2020-07-10 00:00:00+09:00,18500.0,18570.0,18345.0,18415.0,17102.07421875,961700
2020-07-13 00:00:00+09:00,18815.0,18830.0,18555.0,18770.0,17431.763671875,663700
2020-07-14 00:00:00+09:00,18610.0,18825.0,18515.0,18630.0,17301.744140625,668700
2020-07-15 00:00:00+09:00,18820.0,19190.0,18765.0,19165.0,17798.603515625,922400
2020-07-16 00:00:00+09:00,19050.0,19230.0,18950.0,19080.0,17719.65625,801900
2020-07-17 00:00:00+09:00,18935.0,19205.0,18935.0,19035.0,17677.873046875,570800
2020-07-20 00:00:00+09:00,19195.0,19680.0,19155.0,19660.0,18258.30859375,882800
2020-07-21 00:00:00+09:00,19565.0,19675.0,19320.0,19340.0,17961.125,1039400
2020-07-22 00:00:00+09:00,19365.0,19560.0,19305.0,19345.0,17965.767578125,754500
2020-07-27 00:00:00+09:00,19175.0,19410.0,19145.0,19365.0,17984.34375,616500
2020-07-28 00:00:00+09:00,19155.0,19290.0,18845.0,18950.0,17598.931640625,966300
2020-07-29 00:00:00+09:00,18620.0,18800.0,18545.0,18770.0,17431.763671875,766200
2020-07-30 00:00:00+09:00,18880.0,18900.0,18690.0,18750.0,17413.19140625,615700
2020-07-31 00:00:00+09:00,18690.0,18830.0,18420.0,18450.0,17134.576171875,838100
2020-08-03 00:00:00+09:00,18570.0,18830.0,18545.0,18715.0,17380.685546875,892300
2020-08-04 00:00:00+09:00,18720.0,18915.0,18660.0,18880.0,17533.921875,751000
2020-08-05 00:00:00+09:00,18710.0,18885.0,18230.0,18750.0,17413.19140625,907400
2020-08-06 00:00:00+09:00,18900.0,19100.0,18740.0,18820.0,17478.201171875,506900
2020-08-07 00:00:00+09:00,19050.0,19140.0,18835.0,19040.0,17682.515625,575200
2020-08-11 00:00:00+09:00,19210.0,19220.0,18985.0,19165.0,17798.603515625,600700
2020-08-12 00:00:00+09:00,19160.0,19345.0,19090.0,19235.0,17863.611328125,638400
2020-08-13 00:00:00+09:00,19510.0,19850.0,19490.0,19760.0,18351.181640625,827000
2020-08-14 00:00:00+09:00,19850.0,19985.0,19735.0,19930.0,18509.056640625,583100
2020-08-17 00:00:00+09:00,19920.0,19980.0,19670.0,19685.0,18281.529296875,519700
2020-08-18 00:00:00+09:00,19620.0,19700.0,19435.0,19620.0,18221.162109375,618200
2020-08-19 00:00:00+09:00,19715.0,19760.0,19265.0,19280.0,17905.40234375,714400
2020-08-20 00:00:00+09:00,19105.0,19435.0,19100.0,19255.0,17882.18359375,584700
2020-08-21 00:00:00+09:00,19515.0,19645.0,19440.0,19470.0,18081.857421875,489100
2020-08-24 00:00:00+09:00,19590.0,19970.0,19525.0,19890.0,18471.9140625,557100
2020-08-25 00:00:00+09:00,19945.0,20230.0,19945.0,20090.0,18657.654296875,675300
2020-08-26 00:00:00+09:00,20085.0,20260.0,19900.0,19985.0,18560.140625,452900
2020-08-27 00:00:00+09:00,20030.0,20160.0,20015.0,20160.0,18722.662109375,416700
2020-08-28 00:00:00+09:00,20050.0,20255.0,19305.0,19765.0,18355.82421875,813800
2020-08-31 00:00:00+09:00,20000.0,20155.0,19915.0,19965.0,18541.5625,490000
2020-09-01 00:00:00+09:00,20030.0,20155.0,19965.0,20065.0,18634.435546875,424800
2020-09-02 00:00:00+09:00,20170.0,20205.0,20040.0,20205.0,18764.453125,414200
2020-09-03 00:00:00+09:00,20300.0,20450.0,19975.0,20045.0,18615.861328125,506600
2020-09-04 00:00:00+09:00,19700.0,20100.0,19655.0,20060.0,18629.791015625,479100
2020-09-07 00:00:00+09:00,19890.0,20090.0,19875.0,19900.0,18481.197265625,348200
2020-09-08 00:00:00+09:00,20020.0,20050.0,19390.0,19440.0,18053.99609375,719100
2020-09-09 00:00:00+09:00,19115.0,19615.0,19100.0,19600.0,18202.5859375,771100
2020-09-10 00:00:00+09:00,19595.0,19605.0,19415.0,19485.0,18095.7890625,660900
2020-09-11 00:00:00+09:00,19280.0,19360.0,19050.0,19310.0,17933.26171875,1218600
2020-09-14 00:00:00+09:00,19495.0,19640.0,19210.0,19385.0,18002.916015625,856000
2020-09-15 00:00:00+09:00,19575.0,19740.0,19555.0,19640.0,18239.734375,606900
2020-09-16 00:00:00+09:00,19580.0,19630.0,19420.0,19490.0,18100.427734375,442100
2020-09-17 00:00:00+09:00,19545.0,19570.0,19290.0,19480.0,18091.142578125,385300
2020-09-18 00:00:00+09:00,19275.0,19345.0,19115.0,19275.0,17900.755859375,858800
2020-09-23 00:00:00+09:00,19250.0,19540.0,19155.0,19520.0,18128.291015625,607800
2020-09-24 00:00:00+09:00,19520.0,19555.0,19380.0,19425.0,18040.06640625,536300
2020-09-25 00:00:00+09:00,19530.0,19580.0,19410.0,19480.0,18091.142578125,661200
2020-09-28 00:00:00+09:00,19625.0,19690.0,19485.0,19665.0,18262.955078125,705600
2020-09-29 00:00:00+09:00,19790.0,20140.0,19770.0,20045.0,18691.904296875,666700
2020-09-30 00:00:00+09:00,19870.0,19995.0,19300.0,19300.0,17997.19140625,1177600
2020-10-02 00:00:00+09:00,19270.0,19380.0,18770.0,18805.0,17535.607421875,967800
2020-10-05 00:00:00+09:00,19180.0,19530.0,18980.0,19210.0,17913.265625,1010100
2020-10-06 00:00:00+09:00,18635.0,18790.0,18420.0,18675.0,17414.380859375,1078200
2020-10-07 00:00:00+09:00,18600.0,18730.0,18515.0,18620.0,17363.08984375,750800
2020-10-08 00:00:00+09:00,18530.0,18745.0,18440.0,18665.0,17405.0546875,757200
2020-10-09 00:00:00+09:00,18860.0,19220.0,18820.0,19190.0,17894.615234375,1086200
2020-10-12 00:00:00+09:00,19295.0,19390.0,18995.0,19085.0,17796.705078125,552600
2020-10-13 00:00:00+09:00,19105.0,19195.0,18965.0,18995.0,17712.779296875,505400
2020-10-14 00:00:00+09:00,19070.0,19220.0,19000.0,19035.0,17750.083984375,589700
2020-10-15 00:00:00+09:00,19100.0,19240.0,19050.0,19115.0,17824.677734375,392700
2020-10-16 00:00:00+09:00,19115.0,19290.0,18980.0,19255.0,17955.228515625,583600
2020-10-19 00:00:00+09:00,19420.0,19450.0,19310.0,19360.0,18053.140625,410500
2020-10-20 00:00:00+09:00,19425.0,19615.0,19370.0,19615.0,18290.927734375,783600
2020-10-21 00:00:00+09:00,19850.0,19870.0,19645.0,19815.0,18477.423828125,718200
2020-10-22 00:00:00+09:00,19900.0,19950.0,19485.0,19550.0,18230.31640625,642100
2020-10-23 00:00:00+09:00,19770.0,19830.0,19625.0,19745.0,18412.15234375,429700
2020-10-26 00:00:00+09:00,19695.0,19725.0,19295.0,19460.0,18146.39453125,313100
2020-10-27 00:00:00+09:00,19485.0,19515.0,19330.0,19375.0,18067.126953125,349600
2020-10-28 00:00:00+09:00,19390.0,19870.0,19360.0,19830.0,18491.412109375,663900
2020-10-29 00:00:00+09:00,19625.0,19835.0,19590.0,19645.0,18318.904296875,580000
2020-10-30 00:00:00+09:00,19710.0,19755.0,19475.0,19480.0,18165.041015625,527300
2020-11-02 00:00:00+09:00,19740.0,20015.0,19630.0,19965.0,18617.30078125,596400
2020-11-04 00:00:00+09:00,20175.0,20630.0,20030.0,20505.0,19120.853515625,893500
2020-11-05 00:00:00+09:00,20600.0,21145.0,20560.0,21135.0,19708.32421875,869200
2020-11-06 00:00:00+09:00,21715.0,22380.0,21655.0,22285.0,20780.6953125,1305100
2020-11-09 00:00:00+09:00,22365.0,22745.0,22145.0,22530.0,21009.15625,976600
2020-11-10 00:00:00+09:00,23030.0,23030.0,22020.0,22140.0,20645.482421875,1243700
2020-11-11 00:00:00+09:00,22785.0,23360.0,22710.0,23225.0,21657.2421875,1116900
2020-11-12 00:00:00+09:00,23000.0,23590.0,22990.0,23545.0,21955.640625,1093900
2020-11-13 00:00:00+09:00,23500.0,23690.0,23050.0,23470.0,21885.705078125,1185200
2020-11-16 00:00:00+09:00,23340.0,23695.0,23270.0,23655.0,22058.21484375,710500
2020-11-17 00:00:00+09:00,23730.0,23880.0,23510.0,23865.0,22254.04296875,705700
2020-11-18 00:00:00+09:00,23870.0,23890.0,23640.0,23700.0,22100.1796875,729300
2020-11-19 00:00:00+09:00,23730.0,23880.0,23555.0,23845.0,22235.388671875,870600
2020-11-20 00:00:00+09:00,23560.0,23700.0,22860.0,23215.0,21647.919921875,1109300
2020-11-24 00:00:00+09:00,23715.0,23845.0,23460.0,23785.0,22179.44140625,1077900
2020-11-25 00:00:00+09:00,24080.0,24325.0,23860.0,23890.0,22277.353515625,867100
2020-11-26 00:00:00+09:00,23500.0,24060.0,23500.0,24050.0,22426.55078125,582800
2020-11-27 00:00:00+09:00,23640.0,23915.0,23590.0,23830.0,22221.40234375,935600
2020-11-30 00:00:00+09:00,24190.0,24205.0,23555.0,23665.0,22067.541015625,1077100
2020-12-01 00:00:00+09:00,23690.0,24430.0,23675.0,24320.0,22678.326171875,745700
2020-12-02 00:00:00+09:00,24240.0,24440.0,23995.0,24150.0,22519.806640625,706500
2020-12-03 00:00:00+09:00,24105.0,24150.0,23380.0,23565.0,21974.2890625,777600
2020-12-04 00:00:00+09:00,23140.0,23450.0,23075.0,23340.0,21764.4765625,750900
2020-12-07 00:00:00+09:00,23190.0,23525.0,23150.0,23220.0,21652.576171875,448900
2020-12-08 00:00:00+09:00,23200.0,23270.0,22960.0,23070.0,21512.705078125,563700
2020-12-09 00:00:00+09:00,23295.0,23725.0,23240.0,23695.0,22095.517578125,557300
2020-12-10 00:00:00+09:00,23530.0,23530.0,22675.0,22770.0,21232.95703125,928600
2020-12-11 00:00:00+09:00,22400.0,22640.0,22185.0,22480.0,20962.53125,1205700
2020-12-14 00:00:00+09:00,22215.0,22840.0,22215.0,22625.0,21097.744140625,511000
2020-12-15 00:00:00+09:00,22455.0,22590.0,22215.0,22550.0,21027.8046875,539200
2020-12-16 00:00:00+09:00,22780.0,22800.0,22405.0,22560.0,21037.1328125,448000
2020-12-17 00:00:00+09:00,22430.0,22485.0,22195.0,22335.0,20827.3203125,680400
2020-12-18 00:00:00+09:00,22235.0,22270.0,21540.0,21555.0,20099.970703125,1486800
2020-12-21 00:00:00+09:00,21835.0,22155.0,21815.0,22095.0,20603.517578125,735900
2020-12-22 00:00:00+09:00,21970.0,22205.0,21850.0,21970.0,20486.958984375,488700
2020-12-23 00:00:00+09:00,22280.0,22310.0,22035.0,22305.0,20799.345703125,413000
2020-12-24 00:00:00+09:00,22480.0,22600.0,22315.0,22485.0,20967.197265625,421200
2020-12-25 00:00:00+09:00,22545.0,22565.0,22385.0,22450.0,20934.560546875,218400
2020-12-28 00:00:00+09:00,22440.0,22830.0,22395.0,22795.0,21256.267578125,413100
2020-12-29 00:00:00+09:00,22755.0,23300.0,22725.0,23215.0,21647.919921875,602200
2020-12-30 00:00:00+09:00,23495.0,23495.0,22815.0,22920.0,21372.83203125,687300
2021-01-04 00:00:00+09:00,22870.0,23055.0,22505.0,23010.0,21456.75390625,445000
2021-01-05 00:00:00+09:00,22935.0,22980.0,22655.0,22690.0,21158.357421875,590700
2021-01-06 00:00:00+09:00,22565.0,22600.0,22270.0,22335.0,20827.3203125,568700
2021-01-07 00:00:00+09:00,22250.0,22680.0,22240.0,22560.0,21037.1328125,985100
2021-01-08 00:00:00+09:00,22970.0,23420.0,22610.0,23420.0,21839.080078125,1407000
2021-01-12 00:00:00+09:00,23920.0,24060.0,23460.0,23950.0,22333.306640625,841400
2021-01-13 00:00:00+09:00,23855.0,23895.0,23490.0,23700.0,22100.1796875,734400
2021-01-14 00:00:00+09:00,23725.0,24100.0,23575.0,23795.0,22188.765625,651700
2021-01-15 00:00:00+09:00,23600.0,23775.0,23175.0,23225.0,21657.2421875,708800
2021-01-18 00:00:00+09:00,23065.0,23095.0,22905.0,23015.0,21461.416015625,437300
2021-01-19 00:00:00+09:00,23230.0,23415.0,23105.0,23285.0,21713.193359375,686200
2021-01-20 00:00:00+09:00,23295.0,23315.0,22740.0,22810.0,21270.25390625,653400
2021-01-21 00:00:00+09:00,22795.0,23120.0,22540.0,23105.0,21545.345703125,658200
2021-01-22 00:00:00+09:00,22875.0,23175.0,22870.0,23135.0,21573.314453125,422300
2021-01-25 00:00:00+09:00,22950.0,23345.0,22910.0,23330.0,21755.154296875,605700
2021-01-26 00:00:00+09:00,23030.0,23155.0,22625.0,22635.0,21107.06640625,735400
2021-01-27 00:00:00+09:00,22895.0,23200.0,22775.0,23180.0,21615.283203125,641200
2021-01-28 00:00:00+09:00,22935.0,22935.0,22560.0,22675.0,21144.37109375,886000
2021-01-29 00:00:00+09:00,22690.0,22765.0,22050.0,22105.0,20612.84375,685500
2021-02-01 00:00:00+09:00,22055.0,22380.0,22010.0,22255.0,20752.720703125,639300
2021-02-02 00:00:00+09:00,22210.0,22835.0,22210.0,22815.0,21274.919921875,559200
2021-02-03 00:00:00+09:00,22800.0,22965.0,22650.0,22770.0,21232.95703125,668500
2021-02-04 00:00:00+09:00,22650.0,22680.0,22215.0,22290.0,20785.359375,563700
2021-02-05 00:00:00+09:00,22555.0,22680.0,22315.0,22390.0,20878.607421875,649100
2021-02-08 00:00:00+09:00,22880.0,23555.0,22695.0,23370.0,21792.455078125,1026200
2021-02-09 00:00:00+09:00,23060.0,23245.0,22620.0,22785.0,21246.94140625,936400
2021-02-10 00:00:00+09:00,23285.0,23735.0,23020.0,23195.0,21629.265625,1178500
2021-02-12 00:00:00+09:00,23460.0,23460.0,22810.0,23040.0,21484.732421875,873300
2021-02-15 00:00:00+09:00,23110.0,23430.0,23050.0,23405.0,21825.091796875,502500
2021-02-16 00:00:00+09:00,23430.0,23930.0,23305.0,23660.0,22062.87890625,737500
2021-02-17 00:00:00+09:00,23700.0,23700.0,23035.0,23250.0,21680.5546875,675300
2021-02-18 00:00:00+09:00,23235.0,23390.0,22960.0,23255.0,21685.21875,700900
2021-02-19 00:00:00+09:00,23100.0,23195.0,22905.0,22935.0,21386.818359375,530500
2021-02-22 00:00:00+09:00,22600.0,22730.0,22100.0,22100.0,20608.185546875,1172900
2021-02-24 00:00:00+09:00,21600.0,21665.0,21110.0,21230.0,19796.91015625,1579300
2021-02-25 00:00:00+09:00,21485.0,21970.0,21410.0,21730.0,20263.158203125,993200
2021-02-26 00:00:00+09:00,21170.0,21190.0,20635.0,20720.0,19321.33984375,1093600
2021-03-01 00:00:00+09:00,21215.0,21585.0,21085.0,21405.0,19960.095703125,864900
2021-03-02 00:00:00+09:00,21680.0,21730.0,20855.0,21275.0,19838.875,894500
2021-03-03 00:00:00+09:00,21395.0,21660.0,21205.0,21360.0,19918.134765625,795900
2021-03-04 00:00:00+09:00,20995.0,21350.0,20930.0,21150.0,19722.3125,818000
2021-03-05 00:00:00+09:00,21470.0,21815.0,21225.0,21815.0,20342.41796875,1032600
2021-03-08 00:00:00+09:00,21990.0,21995.0,21200.0,21395.0,19950.77734375,843200
2021-03-09 00:00:00+09:00,21480.0,21880.0,21300.0,21855.0,20379.72265625,905800
2021-03-10 00:00:00+09:00,22000.0,22220.0,21805.0,21930.0,20449.662109375,841600
2021-03-11 00:00:00+09:00,21995.0,22140.0,21695.0,22045.0,20556.892578125,698500
2021-03-12 00:00:00+09:00,22455.0,22975.0,22325.0,22975.0,21424.1171875,1733600
2021-03-15 00:00:00+09:00,22710.0,22840.0,22440.0,22500.0,20981.18359375,778000
2021-03-16 00:00:00+09:00,22745.0,22930.0,22560.0,22780.0,21242.28125,630000
2021-03-17 00:00:00+09:00,22780.0,23115.0,22765.0,22980.0,21428.78125,780600
2021-03-18 00:00:00+09:00,23000.0,23560.0,22980.0,23285.0,21713.193359375,960600
2021-03-19 00:00:00+09:00,22970.0,23520.0,22810.0,23150.0,21587.306640625,1179900
2021-03-22 00:00:00+09:00,22730.0,22905.0,22055.0,22220.0,20720.0859375,950700
2021-03-23 00:00:00+09:00,21980.0,22190.0,21575.0,21580.0,20123.283203125,959600
2021-03-24 00:00:00+09:00,21340.0,21535.0,21010.0,21020.0,19601.08984375,809400
2021-03-25 00:00:00+09:00,21430.0,21800.0,21350.0,21755.0,20286.470703125,761900
2021-03-26 00:00:00+09:00,21770.0,21980.0,21675.0,21830.0,20356.408203125,683400
2021-03-29 00:00:00+09:00,22120.0,22450.0,21970.0,22440.0,20925.232421875,934000
2021-03-30 00:00:00+09:00,22500.0,22515.0,22185.0,22335.0,20901.8359375,574100
2021-03-31 00:00:00+09:00,22380.0,22600.0,22195.0,22320.0,20887.796875,782700
2021-04-01 00:00:00+09:00,22450.0,22685.0,22375.0,22500.0,21056.251953125,576700
2021-04-02 00:00:00+09:00,22750.0,22965.0,22730.0,22945.0,21472.693359375,485700
2021-04-05 00:00:00+09:00,22915.0,23130.0,22630.0,22705.0,21248.09765625,484500
2021-04-06 00:00:00+09:00,22765.0,22865.0,22445.0,22560.0,21112.3984375,512800
2021-04-07 00:00:00+09:00,22770.0,22900.0,22220.0,22505.0,21060.927734375,557000
2021-04-08 00:00:00+09:00,22560.0,22800.0,22385.0,22610.0,21159.193359375,572000
2021-04-09 00:00:00+09:00,22860.0,23265.0,22675.0,22775.0,21313.6015625,828700
2021-04-12 00:00:00+09:00,22995.0,23065.0,22730.0,22735.0,21276.169921875,395200
2021-04-13 00:00:00+09:00,22820.0,23030.0,22735.0,22805.0,21341.677734375,435000
2021-04-14 00:00:00+09:00,22700.0,22790.0,22600.0,22695.0,21238.73828125,427900
2021-04-15 00:00:00+09:00,22600.0,22765.0,22450.0,22555.0,21107.72265625,323100
2021-04-16 00:00:00+09:00,22845.0,22860.0,22560.0,22665.0,21210.662109375,519300
2021-04-19 00:00:00+09:00,22765.0,23085.0,22680.0,22995.0,21519.48828125,482000
2021-04-20 00:00:00+09:00,22655.0,22670.0,21955.0,22010.0,20597.69140625,883700
2021-04-21 00:00:00+09:00,21935.0,21960.0,21505.0,21630.0,20242.07421875,750300
2021-04-22 00:00:00+09:00,21955.0,22215.0,21855.0,22150.0,20728.705078125,519500
2021-04-23 00:00:00+09:00,21980.0,22025.0,21710.0,21945.0,20536.86328125,420500
2021-04-26 00:00:00+09:00,21900.0,22185.0,21790.0,22110.0,20691.271484375,508200
2021-04-27 00:00:00+09:00,22165.0,22345.0,22080.0,22145.0,20724.025390625,816400
2021-04-28 00:00:00+09:00,22295.0,22815.0,22185.0,22770.0,21308.921875,855000
2021-04-30 00:00:00+09:00,22950.0,22955.0,21850.0,21930.0,20522.826171875,1126600
2021-05-06 00:00:00+09:00,22345.0,22585.0,22155.0,22500.0,21056.251953125,910700
2021-05-07 00:00:00+09:00,22655.0,22675.0,22405.0,22590.0,21140.474609375,584800
2021-05-10 00:00:00+09:00,22555.0,23215.0,22535.0,23115.0,21631.787109375,731800
2021-05-11 00:00:00+09:00,23035.0,23180.0,21965.0,22020.0,20607.05078125,779800
2021-05-12 00:00:00+09:00,21950.0,22145.0,20720.0,20935.0,19591.669921875,1080100
2021-05-13 00:00:00+09:00,20935.0,21300.0,20610.0,20925.0,19582.31640625,791000
2021-05-14 00:00:00+09:00,21450.0,21460.0,20990.0,21305.0,19937.9296875,910000
2021-05-17 00:00:00+09:00,21350.0,21470.0,20765.0,20970.0,19624.42578125,484500
2021-05-18 00:00:00+09:00,21305.0,21665.0,21110.0,21510.0,20129.775390625,900300
2021-05-19 00:00:00+09:00,21185.0,21240.0,20605.0,20720.0,19390.46875,1105600
2021-05-20 00:00:00+09:00,20895.0,20925.0,20630.0,20830.0,19493.40625,767800
2021-05-21 00:00:00+09:00,20880.0,21055.0,20770.0,20800.0,19465.33203125,485300
2021-05-24 00:00:00+09:00,20810.0,21320.0,20810.0,21190.0,19830.310546875,406900
2021-05-25 00:00:00+09:00,21110.0,21175.0,20890.0,21160.0,19802.232421875,558700
2021-05-26 00:00:00+09:00,20900.0,21375.0,20900.0,21355.0,19984.71875,573600
2021-05-27 00:00:00+09:00,21325.0,21415.0,21165.0,21335.0,19966.001953125,925700
2021-05-28 00:00:00+09:00,21745.0,22200.0,21700.0,22085.0,20667.876953125,808600
2021-05-31 00:00:00+09:00,21855.0,21970.0,21540.0,21605.0,20218.681640625,542200
2021-06-01 00:00:00+09:00,21765.0,21875.0,21460.0,21700.0,20307.583984375,341700
2021-06-02 00:00:00+09:00,21445.0,21490.0,21190.0,21300.0,19933.248046875,702100
2021-06-03 00:00:00+09:00,21100.0,21625.0,21055.0,21505.0,20125.095703125,514900
2021-06-04 00:00:00+09:00,21100.0,21305.0,20870.0,21250.0,19886.458984375,735300
2021-06-07 00:00:00+09:00,21430.0,21540.0,21140.0,21180.0,19820.947265625,422500
2021-06-08 00:00:00+09:00,20500.0,20710.0,20150.0,20520.0,19203.30078125,1367300
2021-06-09 00:00:00+09:00,20110.0,20450.0,19905.0,19905.0,18627.763671875,1252300
2021-06-10 00:00:00+09:00,20020.0,20290.0,19965.0,20245.0,18945.943359375,915200
2021-06-11 00:00:00+09:00,20680.0,20745.0,20025.0,20160.0,18866.40234375,1075000
2021-06-14 00:00:00+09:00,20215.0,20355.0,20085.0,20250.0,18950.626953125,550600
2021-06-15 00:00:00+09:00,20300.0,20530.0,20295.0,20455.0,19142.470703125,636900
2021-06-16 00:00:00+09:00,20460.0,20945.0,20455.0,20910.0,19568.27734375,913600
2021-06-17 00:00:00+09:00,20910.0,20915.0,20470.0,20700.0,19371.748046875,741900
2021-06-18 00:00:00+09:00,20900.0,20960.0,20730.0,20805.0,19470.015625,933000
2021-06-21 00:00:00+09:00,20665.0,20735.0,20200.0,20505.0,19189.26171875,1154400
2021-06-22 00:00:00+09:00,21210.0,21340.0,21045.0,21230.0,19867.740234375,1186800
2021-06-23 00:00:00+09:00,21290.0,21345.0,21000.0,21000.0,19652.5,610100
2021-06-24 00:00:00+09:00,20900.0,20980.0,20740.0,20750.0,19418.544921875,290200
2021-06-25 00:00:00+09:00,21185.0,21190.0,20970.0,21005.0,19657.177734375,492000
2021-06-28 00:00:00+09:00,20995.0,21040.0,20750.0,20775.0,19441.9375,474800
2021-06-29 00:00:00+09:00,20710.0,21035.0,20580.0,21030.0,19680.572265625,673600
2021-06-30 00:00:00+09:00,20970.0,21095.0,20690.0,20690.0,19362.390625,614500
2021-07-01 00:00:00+09:00,20800.0,20945.0,20755.0,20920.0,19577.630859375,524400
2021-07-02 00:00:00+09:00,20980.0,21060.0,20895.0,20970.0,19624.42578125,458400
2021-07-05 00:00:00+09:00,20940.0,20970.0,20740.0,20740.0,19409.181640625,330100
2021-07-06 00:00:00+09:00,21200.0,21540.0,21135.0,21275.0,19909.85546875,679300
2021-07-07 00:00:00+09:00,20810.0,21215.0,20770.0,21175.0,19816.271484375,678300
2021-07-08 00:00:00+09:00,22230.0,22445.0,21905.0,21950.0,20541.54296875,1696700
2021-07-09 00:00:00+09:00,21850.0,21850.0,20930.0,21300.0,19933.248046875,1648100
2021-07-12 00:00:00+09:00,21955.0,22025.0,21665.0,22025.0,20611.73046875,923000
2021-07-13 00:00:00+09:00,22050.0,22265.0,22030.0,22170.0,20747.42578125,591800
2021-07-14 00:00:00+09:00,21910.0,22325.0,21855.0,22260.0,20831.646484375,604600
2021-07-15 00:00:00+09:00,22260.0,22300.0,22050.0,22090.0,20672.55859375,508000
2021-07-16 00:00:00+09:00,22200.0,22290.0,21945.0,22075.0,20658.517578125,672200
2021-07-19 00:00:00+09:00,22060.0,22265.0,21960.0,22205.0,20780.1796875,737800
2021-07-20 00:00:00+09:00,21910.0,22225.0,21910.0,21930.0,20522.826171875,724500
2021-07-21 00:00:00+09:00,22430.0,22530.0,22045.0,22115.0,20695.953125,527800
2021-07-26 00:00:00+09:00,22830.0,22920.0,22535.0,22645.0,21191.9453125,764300
2021-07-27 00:00:00+09:00,22960.0,23060.0,22845.0,22970.0,21496.09375,677000
2021-07-28 00:00:00+09:00,22735.0,22935.0,22590.0,22725.0,21266.814453125,481500
2021-07-29 00:00:00+09:00,22835.0,22985.0,22775.0,22900.0,21430.583984375,394800
2021-07-30 00:00:00+09:00,22895.0,22940.0,22615.0,22665.0,21210.662109375,552700
2021-08-02 00:00:00+09:00,22980.0,23220.0,22880.0,23205.0,21716.01171875,549400
2021-08-03 00:00:00+09:00,23110.0,23290.0,23070.0,23205.0,21716.01171875,422700
2021-08-04 00:00:00+09:00,24140.0,24845.0,24135.0,24670.0,23087.009765625,1472600
2021-08-05 00:00:00+09:00,24635.0,25170.0,24550.0,25170.0,23554.923828125,806900
2021-08-06 00:00:00+09:00,24935.0,25195.0,24670.0,24890.0,23292.892578125,645400
2021-08-10 00:00:00+09:00,24525.0,24975.0,24510.0,24960.0,23358.400390625,744800
2021-08-11 00:00:00+09:00,25555.0,26085.0,25550.0,25900.0,24238.08203125,886200
2021-08-12 00:00:00+09:00,26090.0,26200.0,25870.0,25990.0,24322.310546875,640400
2021-08-13 00:00:00+09:00,26100.0,26130.0,25910.0,26000.0,24331.666015625,636600
2021-08-16 00:00:00+09:00,26135.0,26135.0,25715.0,25925.0,24261.478515625,639100
2021-08-17 00:00:00+09:00,26230.0,26355.0,25845.0,25845.0,24186.61328125,592800
2021-08-18 00:00:00+09:00,25730.0,25915.0,25450.0,25805.0,24149.177734375,555000
2021-08-19 00:00:00+09:00,25695.0,25865.0,25600.0,25735.0,24083.669921875,711500
2021-08-20 00:00:00+09:00,25400.0,25690.0,25380.0,25540.0,23901.181640625,740200
2021-08-23 00:00:00+09:00,25650.0,26535.0,25605.0,26450.0,24752.79296875,716800
2021-08-24 00:00:00+09:00,26600.0,26880.0,26600.0,26710.0,24996.10546875,548200
2021-08-25 00:00:00+09:00,26875.0,26920.0,26505.0,26645.0,24935.279296875,451700
2021-08-26 00:00:00+09:00,26620.0,26785.0,26540.0,26745.0,25028.859375,369300
2021-08-27 00:00:00+09:00,26500.0,26635.0,26270.0,26515.0,24813.62109375,553300
2021-08-30 00:00:00+09:00,26715.0,26995.0,26650.0,26995.0,25262.8203125,492200
2021-08-31 00:00:00+09:00,27000.0,27575.0,26890.0,27405.0,25646.509765625,898900
2021-09-01 00:00:00+09:00,27420.0,27735.0,27385.0,27585.0,25814.9609375,647600
2021-09-02 00:00:00+09:00,27450.0,27800.0,27450.0,27790.0,26006.80859375,547000
2021-09-03 00:00:00+09:00,27515.0,28590.0,27480.0,28435.0,26610.419921875,781900
2021-09-06 00:00:00+09:00,29100.0,29220.0,28840.0,29085.0,27218.712890625,799100
2021-09-07 00:00:00+09:00,29250.0,29595.0,29100.0,29445.0,27555.61328125,694300
2021-09-08 00:00:00+09:00,29095.0,29510.0,28885.0,29360.0,27476.064453125,876600
2021-09-09 00:00:00+09:00,29050.0,29115.0,28900.0,28980.0,27120.447265625,836700
2021-09-10 00:00:00+09:00,28480.0,29280.0,28460.0,29155.0,27284.220703125,1327900
2021-09-13 00:00:00+09:00,28915.0,29145.0,28845.0,29145.0,27274.86328125,619800
2021-09-14 00:00:00+09:00,29100.0,29385.0,29050.0,29150.0,27279.5390625,686400
2021-09-15 00:00:00+09:00,28970.0,29190.0,28880.0,29055.0,27190.63671875,698600
2021-09-16 00:00:00+09:00,28880.0,28950.0,28320.0,28340.0,26521.513671875,976100
2021-09-17 00:00:00+09:00,28415.0,28415.0,27905.0,28000.0,26203.33203125,1551700
2021-09-21 00:00:00+09:00,26500.0,27145.0,26400.0,26680.0,24968.03125,1408600
2021-09-22 00:00:00+09:00,26560.0,26585.0,25770.0,25895.0,24233.40625,1497200
2021-09-24 00:00:00+09:00,26305.0,26650.0,26105.0,26145.0,24467.361328125,1247100
2021-09-27 00:00:00+09:00,25800.0,25920.0,25110.0,25245.0,23625.111328125,1409500
2021-09-28 00:00:00+09:00,25040.0,25480.0,24830.0,25415.0,23784.203125,1214300
2021-09-29 00:00:00+09:00,24980.0,25015.0,24240.0,24360.0,22877.9140625,1256100
2021-09-30 00:00:00+09:00,24565.0,24760.0,24275.0,24460.0,22971.83203125,1342600
2021-10-01 00:00:00+09:00,23850.0,24035.0,23370.0,23475.0,22046.759765625,1254400
2021-10-04 00:00:00+09:00,24215.0,24245.0,23165.0,23445.0,22018.5859375,985900
2021-10-05 00:00:00+09:00,22640.0,22920.0,22210.0,22680.0,21300.125,1137700
2021-10-06 00:00:00+09:00,23300.0,23765.0,22755.0,23190.0,21779.1015625,1523700
2021-10-07 00:00:00+09:00,23795.0,24030.0,23320.0,23575.0,22140.67578125,948700
2021-10-08 00:00:00+09:00,24200.0,24370.0,23955.0,23960.0,22502.255859375,1079500
2021-10-11 00:00:00+09:00,23880.0,24520.0,23700.0,24470.0,22981.22265625,634200
2021-10-12 00:00:00+09:00,24800.0,24835.0,24210.0,24395.0,22910.7890625,686700
2021-10-13 00:00:00+09:00,24250.0,24550.0,24125.0,24355.0,22873.21875,512800
2021-10-14 00:00:00+09:00,24485.0,24825.0,24365.0,24740.0,23234.79296875,702400
2021-10-15 00:00:00+09:00,25065.0,25580.0,24910.0,25570.0,24014.294921875,982100
2021-10-18 00:00:00+09:00,25470.0,25590.0,24980.0,25545.0,23990.8203125,713800
2021-10-19 00:00:00+09:00,25540.0,25960.0,25445.0,25905.0,24328.916015625,612200
2021-10-20 00:00:00+09:00,26025.0,26150.0,25630.0,25730.0,24164.5625,572300
2021-10-21 00:00:00+09:00,25600.0,25950.0,25370.0,25415.0,23868.728515625,493000
2021-10-22 00:00:00+09:00,25200.0,25770.0,25160.0,25580.0,24023.689453125,535800
2021-10-25 00:00:00+09:00,25315.0,25425.0,25005.0,25275.0,23737.248046875,546400
2021-10-26 00:00:00+09:00,25410.0,25655.0,25410.0,25595.0,24037.77734375,493400
2021-10-27 00:00:00+09:00,25410.0,25725.0,25345.0,25705.0,24141.0859375,456900
2021-10-28 00:00:00+09:00,24705.0,25040.0,24560.0,24560.0,23065.75,1088000
2021-10-29 00:00:00+09:00,24715.0,24990.0,24415.0,24890.0,23375.671875,881000
2021-11-01 00:00:00+09:00,25890.0,26030.0,25540.0,25965.0,24385.267578125,946200
2021-11-02 00:00:00+09:00,25670.0,25895.0,25395.0,25520.0,23967.33984375,677200
2021-11-04 00:00:00+09:00,26120.0,26140.0,25895.0,25965.0,24385.267578125,760500
2021-11-05 00:00:00+09:00,25250.0,25385.0,24490.0,25280.0,23741.94140625,1427200
2021-11-08 00:00:00+09:00,25575.0,25720.0,25405.0,25550.0,23995.515625,717300
2021-11-09 00:00:00+09:00,25790.0,25885.0,25220.0,25235.0,23699.681640625,536100
2021-11-10 00:00:00+09:00,25305.0,25420.0,25035.0,25150.0,23619.849609375,414000
2021-11-11 00:00:00+09:00,25250.0,25540.0,25135.0,25385.0,23840.552734375,517500
2021-11-12 00:00:00+09:00,25315.0,25675.0,25270.0,25420.0,23873.421875,669200
2021-11-15 00:00:00+09:00,25640.0,25740.0,25435.0,25550.0,23995.515625,452100
2021-11-16 00:00:00+09:00,25400.0,25645.0,25240.0,25520.0,23967.33984375,480000
2021-11-17 00:00:00+09:00,25705.0,25705.0,24965.0,24995.0,23474.279296875,731600
2021-11-18 00:00:00+09:00,25060.0,25385.0,24805.0,25210.0,23676.1953125,601600
2021-11-19 00:00:00+09:00,25000.0,25150.0,24845.0,24965.0,23446.10546875,583000
2021-11-22 00:00:00+09:00,24960.0,25205.0,24760.0,25205.0,23671.505859375,559400
2021-11-24 00:00:00+09:00,24745.0,25030.0,24310.0,24400.0,22915.48046875,728500
2021-11-25 00:00:00+09:00,24495.0,24520.0,24245.0,24435.0,22948.35546875,521700
2021-11-26 00:00:00+09:00,24170.0,24210.0,23750.0,23975.0,22516.337890625,742200
2021-11-29 00:00:00+09:00,23655.0,24025.0,23500.0,23645.0,22206.416015625,813800
2021-11-30 00:00:00+09:00,23900.0,23950.0,23100.0,23150.0,21741.533203125,1254500
2021-12-01 00:00:00+09:00,23545.0,24315.0,23380.0,24185.0,22713.5625,1360800
2021-12-02 00:00:00+09:00,24250.0,24755.0,24165.0,24430.0,22943.654296875,1232300
2021-12-03 00:00:00+09:00,24930.0,25310.0,24820.0,25310.0,23770.119140625,1193900
2021-12-06 00:00:00+09:00,25500.0,25690.0,25230.0,25500.0,23948.556640625,966100
2021-12-07 00:00:00+09:00,25840.0,26015.0,25325.0,25860.0,24286.65234375,1207800
2021-12-08 00:00:00+09:00,25940.0,26410.0,25940.0,26365.0,24760.927734375,1022800
2021-12-09 00:00:00+09:00,26575.0,26640.0,26185.0,26320.0,24718.666015625,744000
2021-12-10 00:00:00+09:00,26410.0,26660.0,26380.0,26470.0,24859.541015625,1010900
2021-12-13 00:00:00+09:00,26925.0,27035.0,26765.0,26910.0,25272.76953125,856900
2021-12-14 00:00:00+09:00,26745.0,26920.0,26455.0,26575.0,24958.154296875,655400
2021-12-15 00:00:00+09:00,26320.0,26415.0,26225.0,26350.0,24746.83984375,538200
2021-12-16 00:00:00+09:00,27000.0,27060.0,26800.0,27000.0,25357.294921875,683300
2021-12-17 00:00:00+09:00,26950.0,26995.0,26195.0,26300.0,24699.880859375,1244000
2021-12-20 00:00:00+09:00,25640.0,25785.0,24965.0,25035.0,23511.845703125,716700
2021-12-21 00:00:00+09:00,25475.0,25555.0,25100.0,25320.0,23779.509765625,499600
2021-12-22 00:00:00+09:00,25330.0,25370.0,25105.0,25325.0,23784.205078125,382700
2021-12-23 00:00:00+09:00,25520.0,25585.0,25315.0,25585.0,24028.38671875,394900
2021-12-24 00:00:00+09:00,25605.0,25935.0,25585.0,25840.0,24267.873046875,282900
2021-12-27 00:00:00+09:00,25800.0,25885.0,25635.0,25750.0,24183.34765625,317400
2021-12-28 00:00:00+09:00,26180.0,26535.0,26040.0,26445.0,24836.056640625,510200
2021-12-29 00:00:00+09:00,26355.0,26490.0,25950.0,26210.0,24615.359375,388500
2021-12-30 00:00:00+09:00,26265.0,26325.0,25935.0,26090.0,24502.662109375,442000
2022-01-04 00:00:00+09:00,26205.0,26400.0,25920.0,26310.0,24709.27734375,499900
2022-01-05 00:00:00+09:00,26405.0,26700.0,26355.0,26670.0,25047.37109375,590200
2022-01-06 00:00:00+09:00,26585.0,26710.0,26035.0,26100.0,24512.052734375,671700
2022-01-07 00:00:00+09:00,26490.0,26490.0,25735.0,25805.0,24234.998046875,668700
2022-01-11 00:00:00+09:00,26000.0,26065.0,25600.0,25755.0,24188.04296875,629900
2022-01-12 00:00:00+09:00,26030.0,26565.0,26030.0,26505.0,24892.41015625,696100
2022-01-13 00:00:00+09:00,26005.0,26315.0,26000.0,26020.0,24436.919921875,603700
2022-01-14 00:00:00+09:00,25655.0,25900.0,24930.0,25300.0,23760.72265625,979100
2022-01-17 00:00:00+09:00,25475.0,25570.0,25260.0,25450.0,23901.59765625,376100
2022-01-18 00:00:00+09:00,25310.0,25510.0,25175.0,25220.0,23685.59375,453800
2022-01-19 00:00:00+09:00,24930.0,25045.0,24315.0,24420.0,22934.263671875,737800
2022-01-20 00:00:00+09:00,24190.0,25020.0,24165.0,24810.0,23300.537109375,806900
2022-01-21 00:00:00+09:00,24320.0,24865.0,24100.0,24765.0,23258.275390625,615000
2022-01-24 00:00:00+09:00,24465.0,24855.0,24315.0,24830.0,23319.31640625,495900
2022-01-25 00:00:00+09:00,24550.0,24670.0,24010.0,24295.0,22816.869140625,703500
2022-01-26 00:00:00+09:00,24100.0,24425.0,23850.0,24100.0,22633.728515625,483400
2022-01-27 00:00:00+09:00,24110.0,24350.0,22995.0,23075.0,21671.095703125,1091700
2022-01-28 00:00:00+09:00,23105.0,23990.0,22975.0,23915.0,22459.98828125,874500
2022-01-31 00:00:00+09:00,23370.0,23950.0,23075.0,23825.0,22375.46484375,722000
2022-02-01 00:00:00+09:00,23900.0,24325.0,23825.0,23885.0,22431.814453125,507400
2022-02-02 00:00:00+09:00,23940.0,24155.0,23560.0,23605.0,22168.8515625,779700
2022-02-03 00:00:00+09:00,23115.0,23495.0,22495.0,22700.0,21318.908203125,1026200
2022-02-04 00:00:00+09:00,22380.0,22875.0,21990.0,22745.0,21361.171875,975400
2022-02-07 00:00:00+09:00,22590.0,22660.0,22145.0,22385.0,21023.078125,863000
2022-02-08 00:00:00+09:00,22720.0,23255.0,22365.0,22480.0,21112.294921875,1013700
2022-02-09 00:00:00+09:00,22520.0,22710.0,22270.0,22575.0,21201.517578125,863700
2022-02-10 00:00:00+09:00,22840.0,22845.0,22380.0,22450.0,21084.12109375,772300
2022-02-14 00:00:00+09:00,21900.0,21970.0,21445.0,21530.0,20220.095703125,742500
2022-02-15 00:00:00+09:00,21650.0,21690.0,21370.0,21505.0,20196.615234375,519400
2022-02-16 00:00:00+09:00,21980.0,22115.0,21805.0,21960.0,20623.93359375,514900
2022-02-17 00:00:00+09:00,22065.0,22245.0,21720.0,21765.0,20440.794921875,602300
2022-02-18 00:00:00+09:00,21360.0,21795.0,21215.0,21745.0,20422.013671875,669700
2022-02-21 00:00:00+09:00,21160.0,21700.0,21010.0,21450.0,20144.962890625,402900
2022-02-22 00:00:00+09:00,20905.0,21315.0,20880.0,21150.0,19863.21484375,526000
2022-02-24 00:00:00+09:00,20925.0,21045.0,20220.0,20355.0,19116.58203125,866700
2022-02-25 00:00:00+09:00,20525.0,20915.0,20410.0,20915.0,19642.51171875,740800
2022-02-28 00:00:00+09:00,20885.0,21255.0,20810.0,21205.0,19914.8671875,700400
2022-03-01 00:00:00+09:00,21960.0,21960.0,21530.0,21585.0,20271.75,754000
2022-03-02 00:00:00+09:00,21155.0,21190.0,20775.0,20775.0,19511.029296875,723000
2022-03-03 00:00:00+09:00,21100.0,21360.0,20945.0,21115.0,19830.34375,639100
2022-03-04 00:00:00+09:00,21115.0,21115.0,20360.0,20680.0,19421.80859375,907100
2022-03-07 00:00:00+09:00,19530.0,19775.0,19140.0,19650.0,18454.478515625,1185100
2022-03-08 00:00:00+09:00,19385.0,20275.0,19320.0,19995.0,18778.48828125,1336100
2022-03-09 00:00:00+09:00,20255.0,20480.0,19955.0,20355.0,19116.58203125,1121000
2022-03-10 00:00:00+09:00,21065.0,21185.0,20835.0,21090.0,19806.865234375,1199100
2022-03-11 00:00:00+09:00,20630.0,20910.0,20545.0,20605.0,19351.373046875,1040900
2022-03-14 00:00:00+09:00,20995.0,21015.0,20395.0,20420.0,19177.626953125,531500
2022-03-15 00:00:00+09:00,20585.0,20910.0,20480.0,20655.0,19398.328125,631100
2022-03-16 00:00:00+09:00,20700.0,20870.0,20425.0,20760.0,19496.943359375,711000
2022-03-17 00:00:00+09:00,21700.0,22190.0,21510.0,22170.0,20821.158203125,906600
2022-03-18 00:00:00+09:00,22275.0,22465.0,22025.0,22360.0,20999.595703125,886200
2022-03-22 00:00:00+09:00,23100.0,23370.0,22885.0,22960.0,21563.091796875,896900
2022-03-23 00:00:00+09:00,23420.0,23670.0,23320.0,23580.0,22145.373046875,744300
2022-03-24 00:00:00+09:00,23085.0,23415.0,22970.0,23415.0,21990.412109375,670900
2022-03-25 00:00:00+09:00,23415.0,23425.0,22880.0,23050.0,21647.6171875,598800
2022-03-28 00:00:00+09:00,22935.0,22935.0,22465.0,22465.0,21098.2109375,534600
2022-03-29 00:00:00+09:00,23000.0,23080.0,22570.0,22785.0,21398.740234375,815500
2022-03-30 00:00:00+09:00,22895.0,22915.0,22320.0,22425.0,21162.810546875,937300
2022-03-31 00:00:00+09:00,22550.0,22735.0,22300.0,22410.0,21148.654296875,874800
2022-04-01 00:00:00+09:00,22375.0,22450.0,22090.0,22365.0,21106.1875,705000
2022-04-04 00:00:00+09:00,22500.0,22575.0,22260.0,22500.0,21233.591796875,408100
2022-04-05 00:00:00+09:00,22600.0,22650.0,22005.0,22040.0,20799.48046875,770000
2022-04-06 00:00:00+09:00,21790.0,21810.0,21225.0,21265.0,20068.1015625,1047000
2022-04-07 00:00:00+09:00,20850.0,20955.0,20450.0,20490.0,19336.72265625,1218900
2022-04-08 00:00:00+09:00,20560.0,20880.0,20550.0,20840.0,19667.021484375,1375100
2022-04-11 00:00:00+09:00,20410.0,20525.0,20160.0,20250.0,19110.232421875,735500
2022-04-12 00:00:00+09:00,20125.0,20160.0,19620.0,19620.0,18515.689453125,797400
2022-04-13 00:00:00+09:00,19890.0,20470.0,19890.0,20405.0,19256.5078125,852800
2022-04-14 00:00:00+09:00,20405.0,20775.0,20385.0,20490.0,19336.72265625,513500
2022-04-15 00:00:00+09:00,20200.0,20545.0,19990.0,20480.0,19327.283203125,490600
2022-04-18 00:00:00+09:00,20200.0,20265.0,20005.0,20145.0,19011.138671875,382800
2022-04-19 00:00:00+09:00,20425.0,20495.0,20100.0,20285.0,19143.26171875,425600
2022-04-20 00:00:00+09:00,20555.0,20555.0,20230.0,20245.0,19105.509765625,692600
2022-04-21 00:00:00+09:00,20455.0,20890.0,20350.0,20810.0,19638.7109375,633100
2022-04-22 00:00:00+09:00,20320.0,20570.0,20205.0,20535.0,19379.189453125,654000
2022-04-25 00:00:00+09:00,19765.0,20090.0,19415.0,19845.0,18728.02734375,989200
2022-04-26 00:00:00+09:00,20085.0,20240.0,19920.0,20200.0,19063.046875,781300
2022-04-27 00:00:00+09:00,19695.0,19905.0,19610.0,19890.0,18770.494140625,1592100
2022-04-28 00:00:00+09:00,19750.0,20135.0,19730.0,20045.0,18916.7734375,876500
2022-05-02 00:00:00+09:00,20230.0,20245.0,19480.0,19480.0,18383.5703125,1190200
2022-05-06 00:00:00+09:00,19880.0,19945.0,19265.0,19725.0,18614.78125,1057700
2022-05-09 00:00:00+09:00,19325.0,19500.0,19125.0,19125.0,18048.55078125,789700
2022-05-10 00:00:00+09:00,19275.0,19775.0,18850.0,19625.0,18520.41015625,820900
2022-05-11 00:00:00+09:00,19530.0,20610.0,19505.0,20405.0,19256.5078125,1469700
2022-05-12 00:00:00+09:00,20370.0,21110.0,20175.0,20580.0,19421.658203125,1201000
2022-05-13 00:00:00+09:00,20400.0,20750.0,20245.0,20475.0,19322.56640625,1148400
2022-05-16 00:00:00+09:00,20820.0,20970.0,20625.0,20710.0,19544.337890625,740200
2022-05-17 00:00:00+09:00,20820.0,20890.0,20385.0,20570.0,19412.21875,514600
2022-05-18 00:00:00+09:00,20600.0,20775.0,20370.0,20465.0,19313.126953125,559300
2022-05-19 00:00:00+09:00,19650.0,20165.0,19650.0,19980.0,18855.423828125,965200
2022-05-20 00:00:00+09:00,19655.0,19865.0,19570.0,19725.0,18614.78125,867300
2022-05-23 00:00:00+09:00,19775.0,19950.0,19660.0,19780.0,18666.685546875,735500
2022-05-24 00:00:00+09:00,19620.0,19765.0,19410.0,19410.0,18317.5078125,678800
2022-05-25 00:00:00+09:00,19580.0,19640.0,19370.0,19445.0,18350.537109375,586500
2022-05-26 00:00:00+09:00,19600.0,19670.0,19365.0,19365.0,18275.04296875,702900
2022-05-27 00:00:00+09:00,19775.0,19775.0,19340.0,19375.0,18284.478515625,530100
2022-05-30 00:00:00+09:00,19895.0,20650.0,19830.0,20640.0,19478.28125,2081300
2022-05-31 00:00:00+09:00,20595.0,20970.0,20530.0,20685.0,19520.744140625,899200
2022-06-01 00:00:00+09:00,20500.0,21210.0,20495.0,21060.0,19874.638671875,757500
2022-06-02 00:00:00+09:00,21315.0,21530.0,21060.0,21100.0,19912.388671875,958500
2022-06-03 00:00:00+09:00,21550.0,21570.0,21070.0,21110.0,19921.826171875,754000
2022-06-06 00:00:00+09:00,21000.0,21275.0,20880.0,21060.0,19874.638671875,754000
2022-06-07 00:00:00+09:00,21140.0,21430.0,20990.0,21240.0,20044.509765625,679000
2022-06-08 00:00:00+09:00,21735.0,22070.0,21630.0,22010.0,20771.169921875,1010300
2022-06-09 00:00:00+09:00,21980.0,22345.0,21910.0,22025.0,20785.326171875,881100
2022-06-10 00:00:00+09:00,22695.0,22715.0,21565.0,21565.0,20351.216796875,1480800
2022-06-13 00:00:00+09:00,20905.0,20990.0,20535.0,20570.0,19412.21875,936800
2022-06-14 00:00:00+09:00,20070.0,20430.0,20060.0,20365.0,19218.7578125,588700
2022-06-15 00:00:00+09:00,20260.0,20340.0,19860.0,19885.0,18765.775390625,707900
2022-06-16 00:00:00+09:00,20245.0,20570.0,20070.0,20070.0,18940.359375,657100
2022-06-17 00:00:00+09:00,19500.0,19980.0,19385.0,19765.0,18652.52734375,1036500
2022-06-20 00:00:00+09:00,20340.0,20340.0,19860.0,20035.0,18907.330078125,897300
2022-06-21 00:00:00+09:00,20535.0,20940.0,20395.0,20800.0,19629.2734375,1039400
2022-06-22 00:00:00+09:00,20960.0,21030.0,20330.0,20340.0,19195.1640625,856200
2022-06-23 00:00:00+09:00,20270.0,20690.0,20180.0,20610.0,19449.96875,761600
2022-06-24 00:00:00+09:00,20860.0,21530.0,20770.0,21320.0,20120.0078125,1292300
2022-06-27 00:00:00+09:00,21490.0,21900.0,21490.0,21850.0,20620.173828125,896100
2022-06-28 00:00:00+09:00,21750.0,22080.0,21620.0,22075.0,20832.509765625,830200
2022-06-29 00:00:00+09:00,21760.0,21920.0,21435.0,21860.0,20629.611328125,1829400
2022-06-30 00:00:00+09:00,21700.0,22120.0,21580.0,21750.0,20525.8046875,1235200
2022-07-01 00:00:00+09:00,21970.0,22075.0,21555.0,21660.0,20440.869140625,887900
2022-07-04 00:00:00+09:00,21920.0,22230.0,21795.0,22025.0,20785.326171875,719000
2022-07-05 00:00:00+09:00,22300.0,22430.0,22045.0,22075.0,20832.509765625,764700
2022-07-06 00:00:00+09:00,21890.0,21945.0,21180.0,21555.0,20341.77734375,1034800
2022-07-07 00:00:00+09:00,21565.0,22205.0,21450.0,22160.0,20912.728515625,846800
2022-07-08 00:00:00+09:00,22200.0,22345.0,21955.0,22040.0,20799.48046875,1222100
2022-07-11 00:00:00+09:00,22510.0,22715.0,22040.0,22095.0,20851.3828125,669600
2022-07-12 00:00:00+09:00,22260.0,22290.0,21805.0,21870.0,20639.05078125,709600
2022-07-13 00:00:00+09:00,21850.0,22065.0,21755.0,21925.0,20690.953125,418700
2022-07-14 00:00:00+09:00,21830.0,22090.0,21710.0,21715.0,20492.7734375,622300
2022-07-15 00:00:00+09:00,21850.0,22140.0,21550.0,21960.0,20723.984375,636900
2022-07-19 00:00:00+09:00,22270.0,22505.0,22165.0,22355.0,21096.751953125,804400
2022-07-20 00:00:00+09:00,22855.0,23130.0,22760.0,23095.0,21795.099609375,1009200
2022-07-21 00:00:00+09:00,23110.0,23550.0,23035.0,23525.0,22200.8984375,883600
2022-07-22 00:00:00+09:00,23520.0,23810.0,23380.0,23810.0,22469.857421875,777400
2022-07-25 00:00:00+09:00,23705.0,23835.0,23350.0,23410.0,22092.369140625,739700
2022-07-26 00:00:00+09:00,23310.0,23475.0,23140.0,23400.0,22082.93359375,568100
2022-07-27 00:00:00+09:00,22975.0,23330.0,22915.0,23260.0,21950.814453125,572300
2022-07-28 00:00:00+09:00,23240.0,23475.0,22780.0,22900.0,21611.076171875,820400
2022-07-29 00:00:00+09:00,23350.0,23430.0,23075.0,23250.0,21941.375,823400
2022-08-01 00:00:00+09:00,23555.0,23730.0,23460.0,23720.0,22384.919921875,693900
2022-08-02 00:00:00+09:00,23315.0,23470.0,22855.0,23000.0,21705.447265625,732800
2022-08-03 00:00:00+09:00,24500.0,24625.0,23880.0,23910.0,22564.228515625,1538200
2022-08-04 00:00:00+09:00,24220.0,24435.0,23840.0,23905.0,22559.5078125,917700
2022-08-05 00:00:00+09:00,23820.0,24095.0,23525.0,24010.0,22658.59765625,650600
2022-08-08 00:00:00+09:00,24145.0,24260.0,23945.0,23995.0,22644.443359375,582300
2022-08-09 00:00:00+09:00,24000.0,24125.0,23955.0,24125.0,22767.126953125,538600
2022-08-10 00:00:00+09:00,24130.0,24175.0,23945.0,24010.0,22658.59765625,481200
2022-08-12 00:00:00+09:00,24790.0,24790.0,24390.0,24735.0,23342.794921875,1139400
2022-08-15 00:00:00+09:00,25035.0,25380.0,24980.0,25295.0,23871.271484375,806300
2022-08-16 00:00:00+09:00,25220.0,25480.0,25125.0,25285.0,23861.837890625,561300
2022-08-17 00:00:00+09:00,25155.0,25795.0,25150.0,25795.0,24343.12890625,871100
2022-08-18 00:00:00+09:00,25430.0,25730.0,25390.0,25580.0,24140.232421875,490400
2022-08-19 00:00:00+09:00,25885.0,26105.0,25540.0,25545.0,24107.203125,488200
2022-08-22 00:00:00+09:00,25090.0,25340.0,25055.0,25135.0,23720.279296875,599500
2022-08-23 00:00:00+09:00,24925.0,25025.0,24590.0,24665.0,23276.73046875,647800
2022-08-24 00:00:00+09:00,24600.0,24725.0,24395.0,24505.0,23125.740234375,504100
2022-08-25 00:00:00+09:00,24740.0,24945.0,24520.0,24895.0,23493.7890625,433800
2022-08-26 00:00:00+09:00,25120.0,25480.0,25055.0,25350.0,23923.177734375,704500
2022-08-29 00:00:00+09:00,24355.0,24430.0,24020.0,24160.0,22800.158203125,1000200
2022-08-30 00:00:00+09:00,24160.0,24490.0,24075.0,24355.0,22984.181640625,631200
2022-08-31 00:00:00+09:00,24115.0,24575.0,24060.0,24485.0,23106.865234375,860200
2022-09-01 00:00:00+09:00,24000.0,24145.0,23910.0,24085.0,22729.37890625,781200
2022-09-02 00:00:00+09:00,24495.0,24495.0,24050.0,24165.0,22804.876953125,816800
2022-09-05 00:00:00+09:00,24165.0,24400.0,24150.0,24395.0,23021.931640625,368800
2022-09-06 00:00:00+09:00,24170.0,24245.0,23970.0,24030.0,22677.474609375,485400
2022-09-07 00:00:00+09:00,24000.0,24205.0,23780.0,24130.0,22771.84375,740500
2022-09-08 00:00:00+09:00,24525.0,25000.0,24405.0,25000.0,23592.87890625,896300
2022-09-09 00:00:00+09:00,25075.0,25095.0,24685.0,24775.0,23380.541015625,968200
2022-09-12 00:00:00+09:00,25140.0,25335.0,24765.0,24885.0,23484.349609375,701600
2022-09-13 00:00:00+09:00,24885.0,25030.0,24825.0,24880.0,23479.630859375,508400
2022-09-14 00:00:00+09:00,24000.0,24485.0,23985.0,24195.0,22833.1875,1069300
2022-09-15 00:00:00+09:00,24435.0,24570.0,24230.0,24240.0,22875.654296875,567200
2022-09-16 00:00:00+09:00,24195.0,24380.0,24070.0,24095.0,22738.81640625,953100
2022-09-20 00:00:00+09:00,24380.0,24500.0,23970.0,24095.0,22738.81640625,819100
2022-09-21 00:00:00+09:00,23615.0,23910.0,23105.0,23145.0,21842.287109375,1135000
2022-09-22 00:00:00+09:00,22855.0,22980.0,22405.0,22890.0,21601.638671875,1132200
2022-09-26 00:00:00+09:00,22435.0,22670.0,22355.0,22565.0,21294.9296875,939300
2022-09-27 00:00:00+09:00,22835.0,22875.0,22505.0,22630.0,21356.271484375,772300
2022-09-28 00:00:00+09:00,22520.0,22785.0,22205.0,22485.0,21219.435546875,956000
2022-09-29 00:00:00+09:00,22800.0,23015.0,22355.0,22665.0,21484.853515625,970000
2022-09-30 00:00:00+09:00,22490.0,22615.0,22170.0,22295.0,21134.12109375,1683800
2022-10-03 00:00:00+09:00,22290.0,22925.0,22200.0,22920.0,21726.576171875,798700
2022-10-04 00:00:00+09:00,23420.0,23775.0,23090.0,23655.0,22423.306640625,930900
2022-10-05 00:00:00+09:00,24040.0,24250.0,23865.0,23950.0,22702.947265625,887300
2022-10-06 00:00:00+09:00,23880.0,24065.0,23785.0,23845.0,22603.412109375,667000
2022-10-07 00:00:00+09:00,23365.0,23470.0,23190.0,23225.0,22015.697265625,664400
2022-10-11 00:00:00+09:00,22570.0,22765.0,22430.0,22595.0,21418.501953125,879100
2022-10-12 00:00:00+09:00,22580.0,22725.0,22420.0,22535.0,21361.623046875,619000
2022-10-13 00:00:00+09:00,22380.0,22425.0,21840.0,21880.0,20740.73046875,752100
2022-10-14 00:00:00+09:00,22195.0,22575.0,22170.0,22435.0,21266.830078125,973600
2022-10-17 00:00:00+09:00,22080.0,22245.0,21920.0,21965.0,20821.302734375,738000
2022-10-18 00:00:00+09:00,22430.0,22475.0,21970.0,22325.0,21162.55859375,761700
2022-10-19 00:00:00+09:00,22485.0,22685.0,22355.0,22405.0,21238.39453125,567800
2022-10-20 00:00:00+09:00,22000.0,22350.0,21940.0,22245.0,21086.7265625,623600
2022-10-21 00:00:00+09:00,21925.0,22095.0,21660.0,21665.0,20536.923828125,908600
2022-10-24 00:00:00+09:00,22100.0,22290.0,21875.0,21875.0,20735.98828125,632100
2022-10-25 00:00:00+09:00,22190.0,22220.0,21800.0,21905.0,20764.427734375,630200
2022-10-26 00:00:00+09:00,22290.0,22290.0,21850.0,21885.0,20745.46875,776000
2022-10-27 00:00:00+09:00,22100.0,22235.0,21935.0,22065.0,20916.095703125,742100
2022-10-28 00:00:00+09:00,21700.0,22060.0,21585.0,21885.0,20745.46875,1258800
2022-10-31 00:00:00+09:00,22075.0,22425.0,22020.0,22385.0,21219.43359375,726500
2022-11-01 00:00:00+09:00,22400.0,22560.0,22245.0,22515.0,21342.666015625,515400
2022-11-02 00:00:00+09:00,22480.0,22740.0,22425.0,22715.0,21532.25,751500
2022-11-04 00:00:00+09:00,22400.0,22565.0,22135.0,22445.0,21276.30859375,1063200
2022-11-07 00:00:00+09:00,22700.0,23005.0,22640.0,22840.0,21650.740234375,902400
2022-11-08 00:00:00+09:00,23190.0,23195.0,22960.0,23125.0,21920.90234375,888200
2022-11-09 00:00:00+09:00,22685.0,22740.0,21930.0,21930.0,20788.126953125,1879000
2022-11-10 00:00:00+09:00,21825.0,22080.0,21685.0,21695.0,20565.361328125,888000
2022-11-11 00:00:00+09:00,22575.0,23255.0,22345.0,23255.0,22044.134765625,1850600
2022-11-14 00:00:00+09:00,23255.0,23710.0,23190.0,23285.0,22072.572265625,1081100
2022-11-15 00:00:00+09:00,23140.0,23195.0,22720.0,22950.0,21755.01171875,709500
2022-11-16 00:00:00+09:00,22870.0,23065.0,22480.0,22675.0,21494.3359375,889700
2022-11-17 00:00:00+09:00,22645.0,22730.0,22370.0,22470.0,21300.0078125,620600
2022-11-18 00:00:00+09:00,22630.0,22630.0,22430.0,22530.0,21356.88671875,647700
2022-11-21 00:00:00+09:00,22605.0,22755.0,22460.0,22580.0,21404.28125,493400
2022-11-22 00:00:00+09:00,22700.0,22925.0,22665.0,22675.0,21494.3359375,628000
2022-11-24 00:00:00+09:00,23175.0,23295.0,23075.0,23215.0,22006.216796875,791100
2022-11-25 00:00:00+09:00,23235.0,23235.0,22815.0,22815.0,21627.04296875,591300
2022-11-28 00:00:00+09:00,22650.0,22955.0,22625.0,22860.0,21669.701171875,703800
2022-11-29 00:00:00+09:00,22615.0,22640.0,22450.0,22560.0,21385.3203125,578500
2022-11-30 00:00:00+09:00,22300.0,22520.0,22190.0,22405.0,21238.39453125,1131300
2022-12-01 00:00:00+09:00,22885.0,23070.0,22685.0,22725.0,21541.732421875,834300
2022-12-02 00:00:00+09:00,22420.0,22470.0,22210.0,22400.0,21233.65234375,901800
2022-12-05 00:00:00+09:00,22490.0,22550.0,22345.0,22380.0,21214.6953125,564600
2022-12-06 00:00:00+09:00,22300.0,22340.0,22180.0,22180.0,21025.107421875,538100
2022-12-07 00:00:00+09:00,22105.0,22175.0,21915.0,21915.0,20773.908203125,629100
2022-12-08 00:00:00+09:00,21920.0,21995.0,21700.0,21910.0,20769.166015625,551900
2022-12-09 00:00:00+09:00,21620.0,22105.0,21605.0,22000.0,20854.48046875,1022400
2022-12-12 00:00:00+09:00,21800.0,22015.0,21775.0,21980.0,20835.521484375,506800
2022-12-13 00:00:00+09:00,22285.0,22465.0,22240.0,22400.0,21233.65234375,666100
2022-12-14 00:00:00+09:00,22635.0,22760.0,22460.0,22665.0,21484.853515625,632500
2022-12-15 00:00:00+09:00,22490.0,22650.0,22435.0,22535.0,21361.623046875,549800
2022-12-16 00:00:00+09:00,22155.0,22200.0,22030.0,22045.0,20897.13671875,722100
2022-12-19 00:00:00+09:00,21690.0,21800.0,21360.0,21400.0,20285.71875,821900
2022-12-20 00:00:00+09:00,21595.0,21595.0,20340.0,20705.0,19626.912109375,919400
2022-12-21 00:00:00+09:00,20720.0,20975.0,20610.0,20870.0,19783.3203125,721100
2022-12-22 00:00:00+09:00,20900.0,20990.0,20630.0,20660.0,19584.25390625,427600
2022-12-23 00:00:00+09:00,20340.0,20495.0,20265.0,20445.0,19380.447265625,546900
2022-12-26 00:00:00+09:00,20425.0,20750.0,20405.0,20730.0,19650.607421875,380600
2022-12-27 00:00:00+09:00,20950.0,20950.0,20555.0,20570.0,19498.9375,323400
2022-12-28 00:00:00+09:00,20400.0,20510.0,20300.0,20510.0,19442.064453125,378900
2022-12-29 00:00:00+09:00,20300.0,20400.0,20185.0,20400.0,19337.791015625,508600
2022-12-30 00:00:00+09:00,20570.0,20670.0,20175.0,20200.0,19148.205078125,611500
2023-01-04 00:00:00+09:00,19850.0,20060.0,19655.0,19925.0,18887.525390625,1059400
2023-01-05 00:00:00+09:00,19925.0,20150.0,19855.0,20035.0,18991.794921875,656400
2023-01-06 00:00:00+09:00,20070.0,20290.0,19965.0,20250.0,19195.6015625,651400
2023-01-10 00:00:00+09:00,20900.0,21445.0,20795.0,21330.0,20219.3671875,1465800
2023-01-11 00:00:00+09:00,21765.0,21780.0,21400.0,21510.0,20389.9921875,918400
2023-01-12 00:00:00+09:00,21710.0,21880.0,21335.0,21400.0,20285.71875,577100
2023-01-13 00:00:00+09:00,21735.0,21765.0,21185.0,21275.0,20167.232421875,1030400
2023-01-16 00:00:00+09:00,21000.0,21235.0,20900.0,21235.0,20129.3125,605400
2023-01-17 00:00:00+09:00,21005.0,21280.0,20985.0,21045.0,19949.205078125,571400
2023-01-18 00:00:00+09:00,21310.0,21875.0,21215.0,21740.0,20608.015625,839700
2023-01-19 00:00:00+09:00,21385.0,21525.0,21305.0,21325.0,20214.626953125,758000
2023-01-20 00:00:00+09:00,21530.0,21975.0,21470.0,21770.0,20636.45703125,1099300
2023-01-23 00:00:00+09:00,22425.0,22610.0,22085.0,22205.0,21048.806640625,910100
2023-01-24 00:00:00+09:00,22410.0,22750.0,22275.0,22665.0,21484.853515625,1128300
2023-01-25 00:00:00+09:00,22775.0,23165.0,22660.0,22955.0,21759.755859375,1255000
2023-01-26 00:00:00+09:00,22805.0,22950.0,22385.0,22535.0,21361.623046875,952200
2023-01-27 00:00:00+09:00,22550.0,22725.0,22455.0,22560.0,21385.3203125,672800
2023-01-30 00:00:00+09:00,22505.0,22535.0,22340.0,22525.0,21352.142578125,700000
2023-01-31 00:00:00+09:00,22600.0,22735.0,22410.0,22470.0,21300.0078125,615700
2023-02-01 00:00:00+09:00,22700.0,22765.0,22420.0,22445.0,21276.30859375,592500
2023-02-02 00:00:00+09:00,22685.0,22720.0,22480.0,22595.0,21418.501953125,693800
2023-02-03 00:00:00+09:00,22860.0,22915.0,22715.0,22870.0,21679.181640625,643800
2023-02-06 00:00:00+09:00,22980.0,23015.0,22725.0,22880.0,21688.662109375,691600
2023-02-07 00:00:00+09:00,23130.0,23165.0,22850.0,22955.0,21759.755859375,597800
2023-02-08 00:00:00+09:00,23260.0,23345.0,22870.0,22995.0,21797.669921875,907300
2023-02-09 00:00:00+09:00,22805.0,23040.0,22710.0,22955.0,21759.755859375,677200
2023-02-10 00:00:00+09:00,23105.0,23240.0,22915.0,23240.0,22029.9140625,1373500
2023-02-13 00:00:00+09:00,23130.0,23260.0,22840.0,22930.0,21736.0546875,569600
2023-02-14 00:00:00+09:00,23245.0,23405.0,23150.0,23390.0,22172.1015625,721800
2023-02-15 00:00:00+09:00,23410.0,23415.0,23070.0,23095.0,21892.46484375,587100
2023-02-16 00:00:00+09:00,23200.0,23295.0,23080.0,23175.0,21968.30078125,573700
2023-02-17 00:00:00+09:00,23000.0,23215.0,22915.0,23085.0,21882.984375,523800
2023-02-20 00:00:00+09:00,23065.0,23350.0,23045.0,23350.0,22134.189453125,581700
2023-02-21 00:00:00+09:00,23335.0,23685.0,23305.0,23585.0,22356.94921875,787900
2023-02-22 00:00:00+09:00,23500.0,23640.0,23320.0,23460.0,22238.4609375,982500
2023-02-24 00:00:00+09:00,23330.0,23445.0,23130.0,23365.0,22148.40625,668700
2023-02-27 00:00:00+09:00,23205.0,23500.0,23155.0,23425.0,22205.28515625,378800
2023-02-28 00:00:00+09:00,23460.0,23480.0,23260.0,23345.0,22129.4453125,685300
2023-03-01 00:00:00+09:00,23125.0,23380.0,23055.0,23330.0,22115.2265625,636900
2023-03-02 00:00:00+09:00,23540.0,23540.0,23090.0,23190.0,21982.517578125,635500
2023-03-03 00:00:00+09:00,23170.0,23485.0,23135.0,23395.0,22176.845703125,787400
2023-03-06 00:00:00+09:00,23685.0,23765.0,23585.0,23730.0,22494.400390625,601700
2023-03-07 00:00:00+09:00,23885.0,24165.0,23845.0,24070.0,22816.697265625,779700
2023-03-08 00:00:00+09:00,23975.0,24085.0,23900.0,24025.0,22774.04296875,527400
2023-03-09 00:00:00+09:00,24110.0,24275.0,23985.0,23985.0,22736.123046875,509800
2023-03-10 00:00:00+09:00,24000.0,24000.0,23530.0,23610.0,22380.6484375,1174500
2023-03-13 00:00:00+09:00,23320.0,23350.0,23020.0,23270.0,22058.353515625,595300
2023-03-14 00:00:00+09:00,22840.0,22875.0,22560.0,22790.0,21603.345703125,815800
2023-03-15 00:00:00+09:00,22855.0,22885.0,22610.0,22745.0,21560.6875,674600
2023-03-16 00:00:00+09:00,22295.0,22400.0,22130.0,22315.0,21153.078125,772200
2023-03-17 00:00:00+09:00,22545.0,22685.0,22285.0,22605.0,21427.978515625,775900
2023-03-20 00:00:00+09:00,22525.0,22720.0,22225.0,22225.0,21067.765625,584600
2023-03-22 00:00:00+09:00,22760.0,23090.0,22725.0,23000.0,21802.412109375,784600
2023-03-23 00:00:00+09:00,22925.0,22985.0,22690.0,22910.0,21717.09765625,536600
2023-03-24 00:00:00+09:00,22900.0,22955.0,22715.0,22950.0,21755.01171875,479300
2023-03-27 00:00:00+09:00,22980.0,23140.0,22895.0,23050.0,21849.806640625,524400
2023-03-28 00:00:00+09:00,23005.0,23105.0,22800.0,22955.0,21759.755859375,546500
2023-03-29 00:00:00+09:00,23045.0,23480.0,22905.0,23430.0,22210.0234375,891600
2023-03-30 00:00:00+09:00,23350.0,23625.0,23295.0,23625.0,22529.486328125,623300
2023-03-31 00:00:00+09:00,23770.0,23915.0,23525.0,23655.0,22558.095703125,1156300
2023-04-03 00:00:00+09:00,23660.0,23665.0,23310.0,23355.0,22272.005859375,850300
2023-04-04 00:00:00+09:00,23420.0,23650.0,23370.0,23650.0,22553.330078125,753300
2023-04-05 00:00:00+09:00,23350.0,23455.0,22980.0,23000.0,21933.470703125,791700
2023-04-06 00:00:00+09:00,22540.0,22630.0,21960.0,22010.0,20989.375,1338800
2023-04-07 00:00:00+09:00,21930.0,22195.0,21865.0,22145.0,21118.115234375,752300
2023-04-10 00:00:00+09:00,22160.0,22235.0,21930.0,22060.0,21037.060546875,621000
2023-04-11 00:00:00+09:00,22080.0,22305.0,22080.0,22130.0,21103.8125,726000
2023-04-12 00:00:00+09:00,22180.0,22500.0,22180.0,22480.0,21437.580078125,714100
2023-04-13 00:00:00+09:00,22440.0,22785.0,22425.0,22765.0,21709.365234375,758300
2023-04-14 00:00:00+09:00,23000.0,23000.0,22630.0,22900.0,21838.10546875,923300
2023-04-17 00:00:00+09:00,22840.0,23065.0,22840.0,23050.0,21981.15234375,489700
2023-04-18 00:00:00+09:00,23200.0,23505.0,23150.0,23335.0,22252.935546875,665300
2023-04-19 00:00:00+09:00,23190.0,23340.0,23080.0,23225.0,22148.037109375,584400
2023-04-20 00:00:00+09:00,23045.0,23315.0,22985.0,23235.0,22157.5703125,457600
2023-04-21 00:00:00+09:00,23400.0,23435.0,23185.0,23405.0,22319.689453125,625200
2023-04-24 00:00:00+09:00,23515.0,23655.0,23455.0,23525.0,22434.125,487000
2023-04-25 00:00:00+09:00,23580.0,23735.0,23490.0,23530.0,22438.892578125,501400
2023-04-26 00:00:00+09:00,23540.0,23620.0,23335.0,23540.0,22448.4296875,682000
2023-04-27 00:00:00+09:00,23420.0,23835.0,23330.0,23835.0,22729.75,773600
2023-04-28 00:00:00+09:00,24070.0,24645.0,24060.0,24620.0,23478.34765625,1312300
2023-05-01 00:00:00+09:00,24825.0,25295.0,24805.0,25155.0,23988.5390625,974600
2023-05-02 00:00:00+09:00,25320.0,25350.0,25085.0,25310.0,24136.353515625,681600
2023-05-08 00:00:00+09:00,25815.0,25830.0,25520.0,25675.0,24484.42578125,1132400
2023-05-09 00:00:00+09:00,25760.0,25940.0,25515.0,25865.0,24665.615234375,1159000
2023-05-10 00:00:00+09:00,25480.0,25630.0,25180.0,25555.0,24369.990234375,1165800
2023-05-11 00:00:00+09:00,25450.0,25600.0,25295.0,25480.0,24298.470703125,991400
2023-05-12 00:00:00+09:00,25225.0,25720.0,25200.0,25555.0,24369.990234375,1047900
2023-05-15 00:00:00+09:00,25800.0,26310.0,25775.0,26285.0,25066.140625,745700
2023-05-16 00:00:00+09:00,26375.0,26475.0,26170.0,26255.0,25037.53125,728900
2023-05-17 00:00:00+09:00,26355.0,26740.0,26300.0,26710.0,25471.431640625,744200
2023-05-18 00:00:00+09:00,27125.0,27370.0,27065.0,27290.0,26024.53515625,901900
2023-05-19 00:00:00+09:00,27630.0,27790.0,27295.0,27370.0,26100.828125,783900
2023-05-22 00:00:00+09:00,27400.0,27890.0,27350.0,27880.0,26587.1796875,874100
2023-05-23 00:00:00+09:00,27960.0,28050.0,27280.0,27405.0,26134.205078125,1236900
2023-05-24 00:00:00+09:00,27080.0,27320.0,26880.0,27175.0,25914.869140625,881900
2023-05-25 00:00:00+09:00,27095.0,27330.0,26910.0,27035.0,25781.36328125,964500
2023-05-26 00:00:00+09:00,27025.0,27040.0,26720.0,26805.0,25562.02734375,1072800
2023-05-29 00:00:00+09:00,27180.0,27215.0,26700.0,26750.0,25509.580078125,1026800
2023-05-30 00:00:00+09:00,26695.0,26885.0,26605.0,26700.0,25461.8984375,580800
2023-05-31 00:00:00+09:00,26700.0,26850.0,26330.0,26560.0,25328.38671875,2514800
2023-06-01 00:00:00+09:00,26920.0,27455.0,26780.0,27320.0,26053.146484375,1538300
2023-06-02 00:00:00+09:00,27800.0,28305.0,27540.0,28250.0,26940.0234375,1426900
2023-06-05 00:00:00+09:00,28550.0,28920.0,28325.0,28915.0,27574.18359375,1064200
2023-06-06 00:00:00+09:00,28920.0,29620.0,28680.0,29540.0,28170.203125,1094700
2023-06-07 00:00:00+09:00,29370.0,29575.0,28220.0,28240.0,26930.484375,1852400
2023-06-08 00:00:00+09:00,28000.0,28165.0,27600.0,27820.0,26529.9609375,1179000
2023-06-09 00:00:00+09:00,28380.0,28995.0,28240.0,28885.0,27545.576171875,1695000
2023-06-12 00:00:00+09:00,29115.0,29115.0,28655.0,28790.0,27454.982421875,628200
2023-06-13 00:00:00+09:00,28985.0,29250.0,28710.0,29205.0,27850.73828125,962100
2023-06-14 00:00:00+09:00,29300.0,29640.0,29050.0,29380.0,28017.623046875,1086500
2023-06-15 00:00:00+09:00,29380.0,29685.0,29265.0,29575.0,28203.580078125,788600
2023-06-16 00:00:00+09:00,29495.0,29735.0,29130.0,29610.0,28236.958984375,1062900
2023-06-19 00:00:00+09:00,29705.0,29745.0,29285.0,29530.0,28160.666015625,749900
2023-06-20 00:00:00+09:00,29370.0,29490.0,29105.0,29345.0,27984.2421875,732800
2023-06-21 00:00:00+09:00,29190.0,29525.0,29155.0,29470.0,28103.451171875,723800
2023-06-22 00:00:00+09:00,29325.0,29550.0,29295.0,29315.0,27955.63671875,751300
2023-06-23 00:00:00+09:00,29360.0,29475.0,28525.0,28615.0,27288.095703125,884200
2023-06-26 00:00:00+09:00,28615.0,28715.0,28325.0,28565.0,27240.416015625,552800
2023-06-27 00:00:00+09:00,28540.0,28780.0,28310.0,28700.0,27369.15625,564000
2023-06-28 00:00:00+09:00,28925.0,29130.0,28555.0,29090.0,27741.0703125,726000
2023-06-29 00:00:00+09:00,29100.0,29610.0,29095.0,29275.0,27917.490234375,715400
2023-06-30 00:00:00+09:00,29010.0,29330.0,29005.0,29265.0,27907.955078125,730800
2023-07-03 00:00:00+09:00,29895.0,31330.0,29805.0,31240.0,29791.373046875,1580500
2023-07-04 00:00:00+09:00,30820.0,30890.0,30320.0,30440.0,29028.46875,869700
2023-07-05 00:00:00+09:00,29990.0,30790.0,29860.0,30720.0,29295.486328125,914100
2023-07-06 00:00:00+09:00,29840.0,29930.0,29545.0,29695.0,28318.015625,1149200
2023-07-07 00:00:00+09:00,29100.0,29455.0,28545.0,29110.0,27760.14453125,1432400
2023-07-10 00:00:00+09:00,28950.0,29215.0,28655.0,28745.0,27412.068359375,1075100
2023-07-11 00:00:00+09:00,29015.0,29110.0,28620.0,28695.0,27364.388671875,801700
2023-07-12 00:00:00+09:00,28870.0,28885.0,28285.0,28375.0,27059.224609375,578800
2023-07-13 00:00:00+09:00,28480.0,28575.0,28140.0,28500.0,27178.4296875,819800
2023-07-14 00:00:00+09:00,28510.0,28995.0,28310.0,28500.0,27178.4296875,1153600
2023-07-18 00:00:00+09:00,28625.0,28880.0,28435.0,28550.0,27226.111328125,760400
2023-07-19 00:00:00+09:00,28945.0,29100.0,28610.0,28885.0,27545.576171875,808100
2023-07-20 00:00:00+09:00,28800.0,28810.0,28450.0,28470.0,27149.822265625,578500
2023-07-21 00:00:00+09:00,28225.0,28515.0,28165.0,28470.0,27149.822265625,603900
2023-07-24 00:00:00+09:00,28870.0,28940.0,28325.0,28470.0,27149.822265625,942100
2023-07-25 00:00:00+09:00,28440.0,28910.0,28380.0,28910.0,27569.416015625,892300
2023-07-26 00:00:00+09:00,28800.0,28875.0,28465.0,28630.0,27302.400390625,616500
2023-07-27 00:00:00+09:00,28540.0,28655.0,28420.0,28635.0,27307.169921875,633800
2023-07-28 00:00:00+09:00,28280.0,28690.0,27890.0,28560.0,27235.64453125,1182100
2023-07-31 00:00:00+09:00,28845.0,28880.0,28560.0,28690.0,27359.6171875,1098900
2023-08-01 00:00:00+09:00,28880.0,28950.0,28650.0,28835.0,27497.89453125,832900
2023-08-02 00:00:00+09:00,28500.0,28720.0,28065.0,28200.0,26892.33984375,861100
2023-08-03 00:00:00+09:00,28055.0,28345.0,27795.0,27815.0,26525.193359375,899800
2023-08-04 00:00:00+09:00,27680.0,27880.0,27520.0,27765.0,26477.51171875,569200
2023-08-07 00:00:00+09:00,27525.0,27935.0,27370.0,27865.0,26572.873046875,538800
2023-08-08 00:00:00+09:00,28300.0,28535.0,28075.0,28235.0,26925.71875,854100
2023-08-09 00:00:00+09:00,25600.0,26285.0,25020.0,25020.0,23859.80078125,4229900
2023-08-10 00:00:00+09:00,25000.0,25625.0,24960.0,25370.0,24193.5703125,2249500
2023-08-14 00:00:00+09:00,25550.0,25550.0,25060.0,25080.0,23917.017578125,1624400
2023-08-15 00:00:00+09:00,25180.0,25245.0,24605.0,24680.0,23535.56640625,1466100
2023-08-16 00:00:00+09:00,24350.0,24530.0,24035.0,24035.0,22920.47265625,1410500
2023-08-17 00:00:00+09:00,23870.0,24370.0,23590.0,24325.0,23197.029296875,1704900
2023-08-18 00:00:00+09:00,24000.0,24115.0,23785.0,23900.0,22791.736328125,1349900
2023-08-21 00:00:00+09:00,23710.0,23785.0,23330.0,23375.0,22291.080078125,1258900
2023-08-22 00:00:00+09:00,23430.0,23525.0,23115.0,23400.0,22314.919921875,1047900
2023-08-23 00:00:00+09:00,23470.0,24125.0,23405.0,24045.0,22930.01171875,1357800
2023-08-24 00:00:00+09:00,23995.0,24165.0,23865.0,24150.0,23030.14453125,946700
2023-08-25 00:00:00+09:00,23725.0,24050.0,23695.0,23840.0,22734.517578125,945000
2023-08-28 00:00:00+09:00,24400.0,25030.0,24330.0,24840.0,23688.146484375,1849400
2023-08-29 00:00:00+09:00,25325.0,25545.0,25220.0,25275.0,24102.974609375,1794900
2023-08-30 00:00:00+09:00,25270.0,25425.0,25130.0,25170.0,24002.84375,1244100
2023-08-31 00:00:00+09:00,25120.0,25330.0,25110.0,25225.0,24055.294921875,1197400
2023-09-01 00:00:00+09:00,25560.0,25660.0,25325.0,25575.0,24389.0625,1597500
2023-09-04 00:00:00+09:00,25625.0,25660.0,25430.0,25660.0,24470.123046875,820900
2023-09-05 00:00:00+09:00,25600.0,25735.0,25495.0,25730.0,24536.876953125,951100
2023-09-06 00:00:00+09:00,25760.0,26190.0,25715.0,26125.0,24913.560546875,1166000
2023-09-07 00:00:00+09:00,25695.0,26060.0,25625.0,25675.0,24484.42578125,980900
2023-09-08 00:00:00+09:00,25520.0,25580.0,25055.0,25145.0,23979.00390625,1166200
2023-09-11 00:00:00+09:00,25150.0,25235.0,24865.0,24885.0,23731.060546875,720400
2023-09-12 00:00:00+09:00,24880.0,25025.0,24650.0,25025.0,23864.568359375,919700
2023-09-13 00:00:00+09:00,24970.0,24990.0,24740.0,24840.0,23688.146484375,938800
2023-09-14 00:00:00+09:00,24840.0,24975.0,24785.0,24860.0,23707.220703125,844200
2023-09-15 00:00:00+09:00,25235.0,25240.0,24955.0,25025.0,23864.568359375,1387800
2023-09-19 00:00:00+09:00,24850.0,24975.0,24615.0,24915.0,23759.66796875,855000
2023-09-20 00:00:00+09:00,24650.0,24990.0,24570.0,24630.0,23487.884765625,988800
2023-09-21 00:00:00+09:00,24970.0,25260.0,24710.0,24710.0,23564.17578125,1114200
2023-09-22 00:00:00+09:00,24235.0,24460.0,24120.0,24285.0,23158.8828125,847000
2023-09-25 00:00:00+09:00,24155.0,24445.0,24135.0,24310.0,23182.72265625,620300
2023-09-26 00:00:00+09:00,24400.0,24405.0,23985.0,24025.0,22910.939453125,908500
2023-09-27 00:00:00+09:00,23700.0,23835.0,23595.0,23710.0,22610.544921875,1227500
2023-09-28 00:00:00+09:00,23600.0,23645.0,23185.0,23445.0,22471.56640625,1117800
2023-09-29 00:00:00+09:00,23560.0,23580.0,23140.0,23475.0,22500.322265625,1666300
2023-10-02 00:00:00+09:00,23865.0,24120.0,23580.0,23650.0,22668.056640625,1058100
2023-10-03 00:00:00+09:00,23365.0,23520.0,23060.0,23110.0,22150.47265625,1045200
2023-10-04 00:00:00+09:00,22900.0,23285.0,22800.0,23090.0,22131.3046875,1143600
2023-10-05 00:00:00+09:00,23475.0,23475.0,23130.0,23305.0,22337.37890625,909800
2023-10-06 00:00:00+09:00,23010.0,23145.0,22885.0,23025.0,22069.00390625,796700
2023-10-10 00:00:00+09:00,22900.0,23415.0,22900.0,23315.0,22346.966796875,1014000
2023-10-11 00:00:00+09:00,23390.0,23730.0,23360.0,23675.0,22692.017578125,921000
2023-10-12 00:00:00+09:00,23675.0,23910.0,23675.0,23760.0,22773.48828125,1053000
2023-10-13 00:00:00+09:00,23475.0,23520.0,23070.0,23125.0,22164.8515625,1336600
2023-10-16 00:00:00+09:00,23000.0,23040.0,22270.0,22330.0,21402.861328125,1817400
2023-10-17 00:00:00+09:00,22800.0,23030.0,22670.0,23005.0,22049.8359375,1154600
2023-10-18 00:00:00+09:00,23100.0,23145.0,22785.0,22865.0,21915.6484375,822000
2023-10-19 00:00:00+09:00,22380.0,22570.0,22295.0,22400.0,21469.953125,1006800
2023-10-20 00:00:00+09:00,22005.0,22150.0,21765.0,22015.0,21100.94140625,1280200
2023-10-23 00:00:00+09:00,21630.0,21770.0,21490.0,21595.0,20698.37890625,1004300
2023-10-24 00:00:00+09:00,21575.0,21585.0,21040.0,21400.0,20511.474609375,1119000
2023-10-25 00:00:00+09:00,21750.0,21890.0,21540.0,21660.0,20760.677734375,964200
2023-10-26 00:00:00+09:00,21465.0,21485.0,21150.0,21185.0,20305.400390625,947300
2023-10-27 00:00:00+09:00,21395.0,21525.0,21365.0,21450.0,20559.396484375,1008000
2023-10-30 00:00:00+09:00,21310.0,21430.0,21200.0,21300.0,20415.625,670600
2023-10-31 00:00:00+09:00,21215.0,21730.0,21080.0,21630.0,20731.923828125,1010400
2023-11-01 00:00:00+09:00,22200.0,22275.0,21980.0,22275.0,21350.142578125,923400
2023-11-02 00:00:00+09:00,22500.0,22575.0,22275.0,22395.0,21465.162109375,981000
2023-11-06 00:00:00+09:00,22845.0,23205.0,22705.0,23090.0,22131.3046875,1299300
2023-11-07 00:00:00+09:00,22895.0,22965.0,22595.0,22665.0,21723.951171875,1077000
2023-11-08 00:00:00+09:00,22000.0,22845.0,22000.0,22585.0,21647.2734375,1380200
2023-11-09 00:00:00+09:00,22835.0,23535.0,22800.0,23485.0,22509.904296875,1453700
2023-11-10 00:00:00+09:00,23400.0,23405.0,23020.0,23135.0,22174.4375,1259800
2023-11-13 00:00:00+09:00,23250.0,23450.0,23085.0,23165.0,22203.19140625,874500
2023-11-14 00:00:00+09:00,23255.0,23380.0,22970.0,22970.0,22016.2890625,1081600
2023-11-15 00:00:00+09:00,23245.0,23550.0,23050.0,23540.0,22562.623046875,1222400
2023-11-16 00:00:00+09:00,23550.0,23730.0,23490.0,23700.0,22715.978515625,927000
2023-11-17 00:00:00+09:00,23675.0,23835.0,23540.0,23745.0,22759.111328125,787000
2023-11-20 00:00:00+09:00,23850.0,24080.0,23705.0,23850.0,22859.751953125,680000
2023-11-21 00:00:00+09:00,23855.0,23920.0,23630.0,23660.0,22677.638671875,649100
2023-11-22 00:00:00+09:00,23655.0,23760.0,23515.0,23650.0,22668.056640625,523500
2023-11-24 00:00:00+09:00,23410.0,23495.0,22935.0,23095.0,22136.099609375,1432100
2023-11-27 00:00:00+09:00,23000.0,23105.0,22705.0,22715.0,21771.875,693600
2023-11-28 00:00:00+09:00,22600.0,22650.0,22290.0,22380.0,21450.787109375,1069300
2023-11-29 00:00:00+09:00,22120.0,22465.0,22095.0,22185.0,21263.880859375,841100
2023-11-30 00:00:00+09:00,22120.0,22230.0,21815.0,22155.0,21235.126953125,1314200
2023-12-01 00:00:00+09:00,22290.0,22315.0,21925.0,21955.0,21043.4296875,765900
2023-12-04 00:00:00+09:00,22050.0,22050.0,21505.0,21570.0,20674.41796875,786900
2023-12-05 00:00:00+09:00,21330.0,21640.0,21310.0,21500.0,20607.322265625,857300
2023-12-06 00:00:00+09:00,21590.0,21890.0,21560.0,21890.0,20981.12890625,1009700
2023-12-07 00:00:00+09:00,21600.0,21645.0,21000.0,21000.0,20128.080078125,1735500
2023-12-08 00:00:00+09:00,20955.0,21095.0,20850.0,21030.0,20156.8359375,1764100
2023-12-11 00:00:00+09:00,21345.0,21580.0,21260.0,21455.0,20564.189453125,1128600
2023-12-12 00:00:00+09:00,21955.0,22090.0,21655.0,21700.0,20799.01953125,1224800
2023-12-13 00:00:00+09:00,22200.0,22415.0,21955.0,22080.0,21163.2421875,1545400
2023-12-14 00:00:00+09:00,22130.0,22250.0,21380.0,21520.0,20626.490234375,1149500
2023-12-15 00:00:00+09:00,22020.0,22400.0,21780.0,22335.0,21407.65234375,2383000
2023-12-18 00:00:00+09:00,22300.0,22315.0,21910.0,22100.0,21182.408203125,1182000
2023-12-19 00:00:00+09:00,21920.0,22320.0,21860.0,22240.0,21316.59765625,945400
2023-12-20 00:00:00+09:00,22560.0,23170.0,22560.0,22930.0,21977.94921875,1501100
2023-12-21 00:00:00+09:00,22695.0,22910.0,22440.0,22545.0,21608.93359375,935000
2023-12-22 00:00:00+09:00,22500.0,22700.0,22345.0,22345.0,21417.23828125,835100
2023-12-25 00:00:00+09:00,22645.0,22750.0,22330.0,22355.0,21426.82421875,434700
2023-12-26 00:00:00+09:00,22370.0,22585.0,22325.0,22390.0,21460.369140625,567600
2023-12-27 00:00:00+09:00,22615.0,22830.0,22590.0,22820.0,21872.515625,907500
2023-12-28 00:00:00+09:00,22910.0,23160.0,22730.0,22890.0,21939.609375,856800
2023-12-29 00:00:00+09:00,22915.0,23260.0,22860.0,22985.0,22030.666015625,1091200
2024-01-04 00:00:00+09:00,22900.0,23050.0,22565.0,23000.0,22045.044921875,962000
2024-01-05 00:00:00+09:00,22995.0,23015.0,22750.0,22750.0,21805.421875,860900
2024-01-09 00:00:00+09:00,22990.0,23435.0,22970.0,23260.0,22294.24609375,970500
2024-01-10 00:00:00+09:00,23115.0,23420.0,23040.0,23320.0,22351.755859375,1295900
2024-01-11 00:00:00+09:00,23735.0,24270.0,23685.0,24210.0,23204.802734375,1642900
2024-01-12 00:00:00+09:00,24760.0,24765.0,24015.0,24590.0,23569.0234375,2506600
2024-01-15 00:00:00+09:00,24550.0,24550.0,24250.0,24405.0,23391.70703125,185400
2024-01-16 00:00:00+09:00,24550.0,24550.0,23970.0,23975.0,22979.55859375,959600
2024-01-17 00:00:00+09:00,24000.0,24195.0,23375.0,23375.0,22404.47265625,1480700
2024-01-18 00:00:00+09:00,23330.0,24020.0,23280.0,23625.0,22644.091796875,1105900
2024-01-19 00:00:00+09:00,24225.0,24450.0,24025.0,24230.0,23223.97265625,1393600
2024-01-22 00:00:00+09:00,24745.0,25010.0,24400.0,24560.0,23540.271484375,1656300
2024-01-23 00:00:00+09:00,24695.0,24955.0,24545.0,24625.0,23602.572265625,1353500
2024-01-24 00:00:00+09:00,24440.0,24440.0,23990.0,24085.0,23084.994140625,1017600
2024-01-25 00:00:00+09:00,23980.0,24125.0,23840.0,24000.0,23003.521484375,732300
2024-01-26 00:00:00+09:00,23710.0,23945.0,23650.0,23915.0,22922.052734375,802700
2024-01-29 00:00:00+09:00,23985.0,24080.0,23880.0,23940.0,22946.01171875,689700
2024-01-30 00:00:00+09:00,24245.0,24355.0,24110.0,24145.0,23142.501953125,811100
2024-01-31 00:00:00+09:00,23900.0,24085.0,23720.0,23885.0,22893.298828125,1290900
2024-02-01 00:00:00+09:00,23475.0,23670.0,23315.0,23345.0,22375.716796875,1236900
2024-02-02 00:00:00+09:00,23555.0,23830.0,23355.0,23505.0,22529.076171875,866900
2024-02-05 00:00:00+09:00,23600.0,23930.0,23515.0,23805.0,22816.619140625,923300
2024-02-06 00:00:00+09:00,23485.0,23490.0,22650.0,22775.0,21829.384765625,2066000
2024-02-07 00:00:00+09:00,20500.0,21300.0,20320.0,21165.0,20286.232421875,4841000
2024-02-08 00:00:00+09:00,21175.0,21450.0,21060.0,21180.0,20300.607421875,2547900
2024-02-09 00:00:00+09:00,21100.0,21625.0,21075.0,21425.0,20535.4375,1843000
2024-02-13 00:00:00+09:00,21730.0,21870.0,21340.0,21445.0,20554.60546875,1669800
2024-02-14 00:00:00+09:00,21100.0,21295.0,20805.0,20945.0,20075.365234375,1598100
2024-02-15 00:00:00+09:00,21200.0,21590.0,21150.0,21500.0,20607.322265625,1408100
2024-02-16 00:00:00+09:00,21860.0,21860.0,21415.0,21600.0,20703.171875,1222100
2024-02-19 00:00:00+09:00,21400.0,21495.0,21255.0,21420.0,20530.642578125,918500
2024-02-20 00:00:00+09:00,21480.0,21530.0,21315.0,21450.0,20559.396484375,676400
2024-02-21 00:00:00+09:00,21365.0,21430.0,21040.0,21200.0,20319.77734375,1104300
2024-02-22 00:00:00+09:00,21255.0,21400.0,21170.0,21305.0,20420.419921875,1255700
2024-02-26 00:00:00+09:00,21190.0,21420.0,21035.0,21325.0,20439.58984375,1226000
2024-02-27 00:00:00+09:00,21325.0,21480.0,21285.0,21330.0,20444.380859375,855800
2024-02-28 00:00:00+09:00,21290.0,21455.0,21180.0,21455.0,20564.189453125,749800
2024-02-29 00:00:00+09:00,21350.0,21485.0,21110.0,21175.0,20295.81640625,1069100
2024-03-01 00:00:00+09:00,21175.0,21485.0,21175.0,21375.0,20487.51171875,977000
2024-03-04 00:00:00+09:00,21410.0,21760.0,21385.0,21635.0,20736.71875,1161100
2024-03-05 00:00:00+09:00,21210.0,21320.0,21090.0,21165.0,20286.232421875,1424100
2024-03-06 00:00:00+09:00,21020.0,21225.0,20960.0,21150.0,20271.853515625,1345000
2024-03-07 00:00:00+09:00,21195.0,21260.0,20745.0,20770.0,19907.6328125,1400300
2024-03-08 00:00:00+09:00,20510.0,20760.0,20460.0,20470.0,19620.087890625,2081200
2024-03-11 00:00:00+09:00,20130.0,20185.0,19950.0,20180.0,19342.126953125,1586700
2024-03-12 00:00:00+09:00,20220.0,20855.0,20155.0,20845.0,19979.517578125,1791100
2024-03-13 00:00:00+09:00,20780.0,20800.0,20170.0,20295.0,19452.353515625,1408900
2024-03-14 00:00:00+09:00,20005.0,20375.0,20005.0,20375.0,19529.03515625,1538100
2024-03-15 00:00:00+09:00,20215.0,20295.0,19870.0,19950.0,19121.6796875,1948000
2024-03-18 00:00:00+09:00,19950.0,20215.0,19860.0,20195.0,19356.50390625,1609100
2024-03-19 00:00:00+09:00,20330.0,20580.0,20115.0,20570.0,19715.935546875,1084700
2024-03-21 00:00:00+09:00,21000.0,21030.0,20680.0,20720.0,19859.708984375,1269300
2024-03-22 00:00:00+09:00,20725.0,20830.0,20545.0,20660.0,19802.19921875,1017800
2024-03-25 00:00:00+09:00,20600.0,20640.0,20405.0,20405.0,19557.7890625,755300
2024-03-26 00:00:00+09:00,20225.0,20300.0,20080.0,20235.0,19394.845703125,1137800
2024-03-27 00:00:00+09:00,20440.0,20900.0,20410.0,20805.0,19941.1796875,1555000
2024-03-28 00:00:00+09:00,20780.0,20965.0,20610.0,20610.0,19878.486328125,1762300
2024-03-29 00:00:00+09:00,20660.0,20875.0,20530.0,20610.0,19878.486328125,539700
2024-04-01 00:00:00+09:00,20630.0,21150.0,20620.0,21010.0,20264.287109375,1478300
2024-04-02 00:00:00+09:00,20900.0,20930.0,20605.0,20840.0,20100.3203125,1134600
2024-04-03 00:00:00+09:00,20480.0,20480.0,20245.0,20405.0,19680.763671875,1295900
2024-04-04 00:00:00+09:00,20585.0,20645.0,20280.0,20300.0,19579.48828125,1223900
2024-04-05 00:00:00+09:00,20150.0,20285.0,19955.0,20165.0,19449.279296875,1439500
2024-04-08 00:00:00+09:00,20290.0,20380.0,20070.0,20130.0,19415.5234375,1055300
2024-04-09 00:00:00+09:00,20130.0,20380.0,20095.0,20380.0,19656.6484375,686900
2024-04-10 00:00:00+09:00,20280.0,20445.0,20185.0,20400.0,19675.9375,806800
2024-04-11 00:00:00+09:00,20000.0,20280.0,19860.0,20280.0,19560.197265625,1069400
2024-04-12 00:00:00+09:00,20330.0,20595.0,20225.0,20235.0,19516.794921875,1076000
2024-04-15 00:00:00+09:00,20170.0,20260.0,19960.0,20060.0,19348.005859375,1009500
2024-04-16 00:00:00+09:00,19820.0,20110.0,19565.0,20005.0,19294.958984375,1520900
2024-04-17 00:00:00+09:00,20000.0,20020.0,19470.0,19500.0,18807.8828125,1379800
2024-04-18 00:00:00+09:00,19420.0,19655.0,19350.0,19505.0,18812.705078125,845100
2024-04-19 00:00:00+09:00,19400.0,19440.0,18970.0,19215.0,18533.0,1819700
2024-04-22 00:00:00+09:00,19400.0,19685.0,19255.0,19680.0,18981.494140625,1150300
2024-04-23 00:00:00+09:00,19880.0,20060.0,19720.0,19950.0,19241.912109375,1068000
2024-04-24 00:00:00+09:00,20135.0,20390.0,20085.0,20270.0,19550.5546875,1123200
2024-04-25 00:00:00+09:00,20135.0,20505.0,20090.0,20400.0,19675.9375,1349500
2024-04-26 00:00:00+09:00,20600.0,21230.0,20595.0,21160.0,20408.966796875,2151000
2024-04-30 00:00:00+09:00,21550.0,21825.0,21490.0,21745.0,20973.201171875,2306400
2024-05-01 00:00:00+09:00,21700.0,22240.0,21700.0,22035.0,21252.90625,1895400
2024-05-02 00:00:00+09:00,21650.0,22090.0,21650.0,22090.0,21305.955078125,1062700
2024-05-07 00:00:00+09:00,22590.0,22630.0,22265.0,22395.0,21600.130859375,1660100
2024-05-08 00:00:00+09:00,22230.0,22405.0,22140.0,22275.0,21484.38671875,1081600
2024-05-09 00:00:00+09:00,22480.0,22895.0,22465.0,22825.0,22014.869140625,2232400
2024-05-10 00:00:00+09:00,25325.0,25325.0,24315.0,24685.0,23808.8515625,5051600
2024-05-13 00:00:00+09:00,24825.0,24915.0,24320.0,24450.0,23582.19140625,1452900
2024-05-14 00:00:00+09:00,24890.0,25295.0,24765.0,24860.0,23977.638671875,1801800
2024-05-15 00:00:00+09:00,24910.0,25050.0,24770.0,24770.0,23890.833984375,1041600
2024-05-16 00:00:00+09:00,24995.0,25270.0,24970.0,25220.0,24324.86328125,1342600
2024-05-17 00:00:00+09:00,24995.0,25165.0,24785.0,25105.0,24213.94140625,977500
2024-05-20 00:00:00+09:00,24890.0,25075.0,24770.0,24775.0,23895.65625,1383900
2024-05-21 00:00:00+09:00,24525.0,24605.0,23570.0,23615.0,22776.830078125,2265000
2024-05-22 00:00:00+09:00,23950.0,24160.0,23800.0,23960.0,23109.583984375,1373400
2024-05-23 00:00:00+09:00,23960.0,24340.0,23870.0,24220.0,23360.35546875,1000900
2024-05-24 00:00:00+09:00,23900.0,24090.0,23815.0,23940.0,23090.291015625,807500
2024-05-27 00:00:00+09:00,23645.0,23890.0,23470.0,23540.0,22704.4921875,945300
2024-05-28 00:00:00+09:00,23285.0,23475.0,23205.0,23475.0,22641.798828125,755800
2024-05-29 00:00:00+09:00,23360.0,23375.0,22860.0,22945.0,22130.607421875,1433700
2024-05-30 00:00:00+09:00,22660.0,22730.0,22360.0,22640.0,21836.435546875,1425200
2024-05-31 00:00:00+09:00,22660.0,22945.0,22570.0,22945.0,22130.607421875,2452800
2024-06-03 00:00:00+09:00,23035.0,23455.0,23035.0,23315.0,22487.478515625,1034200
2024-06-04 00:00:00+09:00,23375.0,23515.0,23030.0,23300.0,22473.009765625,941900
2024-06-05 00:00:00+09:00,23000.0,23235.0,22730.0,23165.0,22342.80078125,986800
2024-06-06 00:00:00+09:00,23250.0,23445.0,22645.0,22645.0,21841.255859375,1106900
2024-06-07 00:00:00+09:00,22250.0,22500.0,22090.0,22470.0,21672.46875,977800
2024-06-10 00:00:00+09:00,22490.0,22945.0,22410.0,22900.0,22087.205078125,646600
2024-06-11 00:00:00+09:00,22825.0,23025.0,22700.0,22755.0,21947.353515625,627500
2024-06-12 00:00:00+09:00,22500.0,22600.0,22420.0,22570.0,21768.91796875,863000
2024-06-13 00:00:00+09:00,22875.0,23310.0,22770.0,23155.0,22333.15234375,1323300
2024-06-14 00:00:00+09:00,23300.0,23600.0,23230.0,23300.0,22473.009765625,2060400
2024-06-17 00:00:00+09:00,23060.0,23240.0,22820.0,22960.0,22145.078125,910700
2024-06-18 00:00:00+09:00,22900.0,23030.0,22720.0,22760.0,21952.17578125,789300
2024-06-19 00:00:00+09:00,22920.0,23180.0,22900.0,22915.0,22101.673828125,625100
2024-06-20 00:00:00+09:00,22955.0,23065.0,22745.0,23025.0,22207.76953125,632200
2024-06-21 00:00:00+09:00,23160.0,23420.0,23085.0,23175.0,22352.4453125,994900
2024-06-24 00:00:00+09:00,22940.0,23075.0,22515.0,22840.0,22029.333984375,1197100
2024-06-25 00:00:00+09:00,22840.0,23120.0,22710.0,23020.0,22202.9453125,850200
2024-06-26 00:00:00+09:00,22970.0,23130.0,22740.0,22975.0,22159.54296875,885800
2024-06-27 00:00:00+09:00,22750.0,22785.0,22270.0,22355.0,21561.55078125,1426600
2024-06-28 00:00:00+09:00,22490.0,22530.0,22235.0,22370.0,21576.015625,1065400
2024-07-01 00:00:00+09:00,22515.0,22530.0,22095.0,22150.0,21363.826171875,884000
2024-07-02 00:00:00+09:00,22100.0,22230.0,21890.0,22180.0,21392.76171875,1004500
2024-07-03 00:00:00+09:00,22235.0,22780.0,22200.0,22705.0,21899.126953125,1089200
2024-07-04 00:00:00+09:00,22865.0,23050.0,22590.0,22945.0,22130.607421875,857700
2024-07-05 00:00:00+09:00,22900.0,22985.0,22765.0,22945.0,22130.607421875,633400
2024-07-08 00:00:00+09:00,23050.0,23375.0,22915.0,23225.0,22400.671875,978300
2024-07-09 00:00:00+09:00,23200.0,23480.0,23085.0,23350.0,22521.234375,988300
2024-07-10 00:00:00+09:00,23115.0,23125.0,22905.0,23025.0,22207.76953125,1005500
2024-07-11 00:00:00+09:00,23415.0,23555.0,23210.0,23285.0,22458.541015625,1124800
2024-07-12 00:00:00+09:00,22850.0,23445.0,22780.0,23195.0,22371.734375,1265400
2024-07-16 00:00:00+09:00,23060.0,23145.0,22720.0,22725.0,21918.41796875,850500
2024-07-17 00:00:00+09:00,22730.0,22980.0,22730.0,22865.0,22053.44921875,746300
2024-07-18 00:00:00+09:00,22500.0,22840.0,22460.0,22605.0,21802.67578125,813900
2024-07-19 00:00:00+09:00,22655.0,22795.0,22490.0,22710.0,21903.94921875,714200
2024-07-22 00:00:00+09:00,22750.0,22755.0,22385.0,22485.0,21686.9375,745100
2024-07-23 00:00:00+09:00,22650.0,22890.0,22465.0,22540.0,21739.982421875,588200
2024-07-24 00:00:00+09:00,22315.0,22495.0,22180.0,22415.0,21619.419921875,587600
2024-07-25 00:00:00+09:00,21925.0,21985.0,21650.0,21685.0,20915.330078125,1055600
2024-07-26 00:00:00+09:00,21600.0,22075.0,21480.0,21900.0,21122.69921875,904800
2024-07-29 00:00:00+09:00,22175.0,22435.0,22020.0,22270.0,21479.56640625,634700
2024-07-30 00:00:00+09:00,22140.0,22185.0,21970.0,22115.0,21330.068359375,601600
2024-07-31 00:00:00+09:00,21885.0,22020.0,21665.0,21905.0,21127.5234375,1261500
2024-08-01 00:00:00+09:00,21625.0,21675.0,21000.0,21240.0,20486.125,1157800
2024-08-02 00:00:00+09:00,20330.0,20480.0,19860.0,19865.0,19159.927734375,1627400
2024-08-05 00:00:00+09:00,18550.0,18745.0,16750.0,17590.0,16965.673828125,2792000
2024-08-06 00:00:00+09:00,19190.0,19355.0,18435.0,19100.0,18422.080078125,3105100
2024-08-07 00:00:00+09:00,16750.0,17510.0,16050.0,17200.0,16589.517578125,5322600
2024-08-08 00:00:00+09:00,17190.0,17625.0,17020.0,17525.0,16902.98046875,2741200
2024-08-09 00:00:00+09:00,17525.0,17535.0,16510.0,16930.0,16329.1005859375,2701400
2024-08-13 00:00:00+09:00,17285.0,17630.0,17255.0,17630.0,17004.25390625,2227900
2024-08-14 00:00:00+09:00,17985.0,17985.0,17485.0,17715.0,17086.240234375,1228900
2024-08-15 00:00:00+09:00,17460.0,17925.0,17455.0,17735.0,17105.52734375,1193800
2024-08-16 00:00:00+09:00,18000.0,18090.0,17685.0,17945.0,17308.072265625,1822200
2024-08-19 00:00:00+09:00,17975.0,18005.0,17750.0,17775.0,17144.107421875,1237500
2024-08-20 00:00:00+09:00,18000.0,18260.0,17935.0,18075.0,17433.4609375,1188800
2024-08-21 00:00:00+09:00,17520.0,17740.0,17315.0,17695.0,17066.947265625,1714300
2024-08-22 00:00:00+09:00,17685.0,17720.0,17325.0,17585.0,16960.8515625,1487000
2024-08-23 00:00:00+09:00,17700.0,18100.0,17610.0,18100.0,17457.572265625,1271900
2024-08-26 00:00:00+09:00,17950.0,18455.0,17855.0,18450.0,17795.150390625,1068100
2024-08-27 00:00:00+09:00,18500.0,18775.0,18355.0,18685.0,18021.80859375,993900
2024-08-28 00:00:00+09:00,18630.0,18745.0,18420.0,18550.0,17891.6015625,730200
2024-08-29 00:00:00+09:00,18465.0,18550.0,18320.0,18400.0,17746.923828125,680000
2024-08-30 00:00:00+09:00,18400.0,18510.0,18310.0,18510.0,17853.01953125,1100700
2024-09-02 00:00:00+09:00,18750.0,18835.0,18400.0,18435.0,17780.681640625,721800
2024-09-03 00:00:00+09:00,18590.0,18775.0,18465.0,18550.0,17891.6015625,913000
2024-09-04 00:00:00+09:00,17800.0,17915.0,17530.0,17875.0,17240.55859375,2730100
2024-09-05 00:00:00+09:00,17640.0,18075.0,17635.0,17980.0,17341.83203125,1193700
2024-09-06 00:00:00+09:00,17820.0,17935.0,17165.0,17305.0,16690.79296875,1326900
2024-09-09 00:00:00+09:00,16900.0,17185.0,16830.0,17180.0,16570.2265625,1069200
2024-09-10 00:00:00+09:00,17180.0,17180.0,16880.0,16925.0,16324.2763671875,1051000
2024-09-11 00:00:00+09:00,16925.0,17090.0,16580.0,16790.0,16194.068359375,1480100
2024-09-12 00:00:00+09:00,17190.0,17310.0,17035.0,17175.0,16565.404296875,1460300
2024-09-13 00:00:00+09:00,17175.0,17395.0,17145.0,17275.0,16661.85546875,1485000
2024-09-17 00:00:00+09:00,17430.0,17670.0,17255.0,17505.0,16883.693359375,967600
2024-09-18 00:00:00+09:00,17800.0,17840.0,17455.0,17595.0,16970.498046875,754600
2024-09-19 00:00:00+09:00,17885.0,18135.0,17840.0,17870.0,17235.73828125,1209800
2024-09-20 00:00:00+09:00,17980.0,18005.0,17835.0,17960.0,17322.54296875,1204800
2024-09-24 00:00:00+09:00,18255.0,18490.0,18170.0,18230.0,17582.958984375,1033300
2024-09-25 00:00:00+09:00,18775.0,19295.0,18545.0,18840.0,18171.30859375,1903100
2024-09-26 00:00:00+09:00,18900.0,19335.0,18860.0,19335.0,18648.73828125,1375500
2024-09-27 00:00:00+09:00,19920.0,20620.0,19765.0,20550.0,20012.09375,2385700
2024-09-30 00:00:00+09:00,19975.0,20340.0,19875.0,20075.0,19549.52734375,2188900
2024-10-01 00:00:00+09:00,19930.0,20160.0,19865.0,20030.0,19505.705078125,1493200
2024-10-02 00:00:00+09:00,19795.0,20275.0,19695.0,20210.0,19680.9921875,1052400
2024-10-03 00:00:00+09:00,20515.0,20755.0,20035.0,20085.0,19559.265625,1140800
2024-10-04 00:00:00+09:00,19935.0,20105.0,19910.0,20040.0,19515.443359375,946100
2024-10-07 00:00:00+09:00,20295.0,20735.0,20280.0,20400.0,19866.01953125,1321900
2024-10-08 00:00:00+09:00,20025.0,20140.0,19610.0,19635.0,19121.044921875,2026200
2024-10-09 00:00:00+09:00,19905.0,20000.0,19435.0,19550.0,19038.26953125,1578400
2024-10-10 00:00:00+09:00,19675.0,19785.0,19485.0,19580.0,19067.482421875,1298100
2024-10-11 00:00:00+09:00,19800.0,19815.0,19430.0,19430.0,18921.41015625,946100
2024-10-15 00:00:00+09:00,19790.0,19835.0,19150.0,19150.0,18648.740234375,1532000
2024-10-16 00:00:00+09:00,18855.0,18915.0,18640.0,18790.0,18298.162109375,1403400
2024-10-17 00:00:00+09:00,18870.0,19130.0,18780.0,18780.0,18288.421875,1011900
2024-10-18 00:00:00+09:00,18930.0,18930.0,18730.0,18765.0,18273.81640625,471400
2024-10-21 00:00:00+09:00,18810.0,19015.0,18745.0,18790.0,18298.162109375,564100
2024-10-22 00:00:00+09:00,18670.0,18730.0,18280.0,18435.0,17952.453125,931600
2024-10-23 00:00:00+09:00,18415.0,18520.0,18115.0,18210.0,17733.34375,690800
2024-10-24 00:00:00+09:00,18010.0,18165.0,17925.0,18085.0,17611.615234375,840800
2024-10-25 00:00:00+09:00,18075.0,18120.0,17905.0,17980.0,17509.365234375,787100
2024-10-28 00:00:00+09:00,17940.0,18425.0,17910.0,18330.0,17850.203125,779900
2024-10-29 00:00:00+09:00,18280.0,18375.0,17965.0,18230.0,17752.8203125,695600
2024-10-30 00:00:00+09:00,18425.0,18855.0,18410.0,18710.0,18220.255859375,3074700
2024-10-31 00:00:00+09:00,18560.0,18705.0,18525.0,18650.0,18161.828125,864200
2024-11-01 00:00:00+09:00,18390.0,18715.0,18275.0,18400.0,17918.369140625,927700
2024-11-05 00:00:00+09:00,18500.0,18855.0,18385.0,18760.0,18268.94921875,737000
2024-11-06 00:00:00+09:00,19005.0,19205.0,18740.0,18790.0,18298.162109375,1119300
2024-11-07 00:00:00+09:00,20460.0,20635.0,19825.0,20055.0,19530.048828125,2601500
2024-11-08 00:00:00+09:00,20180.0,20280.0,19375.0,19530.0,19018.79296875,1362400
2024-11-11 00:00:00+09:00,19280.0,19385.0,18805.0,19000.0,18502.6640625,1040400
2024-11-12 00:00:00+09:00,19100.0,19130.0,18740.0,18865.0,18371.19921875,937600
2024-11-13 00:00:00+09:00,18835.0,19000.0,18565.0,18600.0,18113.134765625,807800
2024-11-14 00:00:00+09:00,18690.0,18910.0,18480.0,18580.0,18093.658203125,718600
2024-11-15 00:00:00+09:00,18770.0,18840.0,18625.0,18705.0,18215.388671875,720300
2024-11-18 00:00:00+09:00,18375.0,18675.0,18355.0,18565.0,18079.052734375,567300
2024-11-19 00:00:00+09:00,18520.0,18560.0,18220.0,18275.0,17796.642578125,785300
2024-11-20 00:00:00+09:00,18050.0,18350.0,17850.0,18305.0,17825.857421875,1096800
2024-11-21 00:00:00+09:00,18500.0,18500.0,18230.0,18385.0,17903.763671875,754900
2024-11-22 00:00:00+09:00,18280.0,18410.0,18225.0,18295.0,17816.12109375,645900
2024-11-25 00:00:00+09:00,18630.0,18970.0,18510.0,18740.0,18249.47265625,1440000
2024-11-26 00:00:00+09:00,18600.0,18645.0,18280.0,18505.0,18020.623046875,911300
2024-11-27 00:00:00+09:00,18500.0,18540.0,17980.0,18085.0,17611.615234375,890800
2024-11-28 00:00:00+09:00,18065.0,18265.0,18000.0,18155.0,17679.78515625,608600
2024-11-29 00:00:00+09:00,18145.0,18160.0,17945.0,18095.0,17621.35546875,650800
2024-12-02 00:00:00+09:00,18090.0,18245.0,17965.0,18170.0,17694.392578125,995400
2024-12-03 00:00:00+09:00,18295.0,18455.0,18160.0,18400.0,17918.369140625,1132400
2024-12-04 00:00:00+09:00,18350.0,18360.0,18080.0,18260.0,17782.03515625,603800
2024-12-05 00:00:00+09:00,18270.0,18305.0,18125.0,18140.0,17665.177734375,670800
2024-12-06 00:00:00+09:00,18240.0,18240.0,18040.0,18210.0,17733.34375,633800
2024-12-09 00:00:00+09:00,18300.0,18380.0,18100.0,18150.0,17674.9140625,633700
2024-12-10 00:00:00+09:00,18550.0,19065.0,18430.0,18460.0,17976.80078125,1404400
2024-12-11 00:00:00+09:00,18385.0,18455.0,18245.0,18295.0,17816.12109375,718000
2024-12-12 00:00:00+09:00,18520.0,18560.0,18190.0,18270.0,17791.775390625,831500
2024-12-13 00:00:00+09:00,17870.0,18110.0,17865.0,17960.0,17489.888671875,1350200
2024-12-16 00:00:00+09:00,18000.0,18275.0,17970.0,18070.0,17597.009765625,677500
2024-12-17 00:00:00+09:00,18070.0,18215.0,18020.0,18155.0,17679.78515625,691500
2024-12-18 00:00:00+09:00,17920.0,18030.0,17865.0,17925.0,17455.8046875,706300
2024-12-19 00:00:00+09:00,17610.0,17895.0,17530.0,17745.0,17280.515625,774400
2024-12-20 00:00:00+09:00,17670.0,17870.0,17650.0,17660.0,17197.740234375,1560200
2024-12-23 00:00:00+09:00,17660.0,17685.0,17375.0,17600.0,17139.310546875,798900
2024-12-24 00:00:00+09:00,17500.0,17635.0,17485.0,17630.0,17168.525390625,630900
2024-12-25 00:00:00+09:00,17800.0,17800.0,17590.0,17725.0,17261.0390625,680900
2024-12-26 00:00:00+09:00,17780.0,18370.0,17775.0,18315.0,17835.59765625,1329900
2024-12-27 00:00:00+09:00,18385.0,18670.0,18295.0,18650.0,18161.828125,936000
2024-12-30 00:00:00+09:00,18645.0,18765.0,18510.0,18660.0,18171.56640625,681900
2025-01-06 00:00:00+09:00,18835.0,18920.0,18680.0,18805.0,18312.771484375,1182900
2025-01-07 00:00:00+09:00,18970.0,19230.0,18635.0,19125.0,18624.39453125,1189000
2025-01-08 00:00:00+09:00,19010.0,19050.0,18745.0,18770.0,18278.6875,938100
2025-01-09 00:00:00+09:00,18600.0,18655.0,18270.0,18440.0,17957.32421875,697000
2025-01-10 00:00:00+09:00,18395.0,18500.0,18315.0,18385.0,17903.763671875,856100
2025-01-14 00:00:00+09:00,18380.0,18575.0,18185.0,18215.0,17738.212890625,998300
2025-01-15 00:00:00+09:00,18390.0,18455.0,18170.0,18265.0,17786.904296875,657900
2025-01-16 00:00:00+09:00,18385.0,18530.0,18210.0,18235.0,17757.689453125,625400
2025-01-17 00:00:00+09:00,18445.0,18500.0,18240.0,18410.0,17928.109375,692800
2025-01-20 00:00:00+09:00,18560.0,18810.0,18510.0,18730.0,18239.732421875,502300
2025-01-21 00:00:00+09:00,18830.0,18835.0,18560.0,18720.0,18229.99609375,386100
2025-01-22 00:00:00+09:00,18690.0,18890.0,18690.0,18850.0,18356.59375,809100
2025-01-23 00:00:00+09:00,18980.0,19020.0,18805.0,18870.0,18376.068359375,588900
2025-01-24 00:00:00+09:00,19085.0,19125.0,18885.0,18885.0,18390.67578125,519100
2025-01-27 00:00:00+09:00,19150.0,19430.0,19070.0,19080.0,18580.5703125,730000
2025-01-28 00:00:00+09:00,18935.0,19335.0,18885.0,18975.0,18478.3203125,653900
2025-01-29 00:00:00+09:00,18900.0,18970.0,18765.0,18865.0,18371.19921875,676700
2025-01-30 00:00:00+09:00,18650.0,18715.0,18310.0,18345.0,17864.810546875,950400
2025-01-31 00:00:00+09:00,18310.0,18425.0,18265.0,18370.0,17889.15625,633700
2025-02-03 00:00:00+09:00,18200.0,18260.0,17680.0,17775.0,17309.73046875,1245400
2025-02-04 00:00:00+09:00,18090.0,18220.0,17880.0,18030.0,17558.056640625,855400
2025-02-05 00:00:00+09:00,18080.0,18140.0,17675.0,17760.0,17295.125,1031000
2025-02-06 00:00:00+09:00,16995.0,17140.0,16735.0,16750.0,16311.560546875,2588800
2025-02-07 00:00:00+09:00,16610.0,16700.0,16280.0,16360.0,15931.7685546875,1902700
2025-02-10 00:00:00+09:00,16360.0,16490.0,16265.0,16380.0,15951.24609375,1051500
2025-02-12 00:00:00+09:00,16300.0,16310.0,16065.0,16195.0,15771.087890625,1215900
2025-02-13 00:00:00+09:00,16390.0,16620.0,16300.0,16560.0,16126.533203125,888700
2025-02-14 00:00:00+09:00,16525.0,16630.0,16370.0,16465.0,16034.01953125,1016700
2025-02-17 00:00:00+09:00,16280.0,16450.0,16165.0,16310.0,15883.078125,589000
2025-02-18 00:00:00+09:00,16200.0,16335.0,16130.0,16130.0,15707.7890625,766500
2025-02-19 00:00:00+09:00,16000.0,16015.0,15790.0,15985.0,15566.5849609375,1256400
2025-02-20 00:00:00+09:00,15820.0,15960.0,15760.0,15950.0,15532.5,907800
2025-02-21 00:00:00+09:00,15910.0,16015.0,15785.0,15970.0,15551.9775390625,788700
2025-02-25 00:00:00+09:00,16000.0,16265.0,15920.0,16180.0,15756.48046875,1144500
2025-02-26 00:00:00+09:00,16135.0,16160.0,15880.0,15940.0,15522.763671875,953400
2025-02-27 00:00:00+09:00,15915.0,16115.0,15915.0,16095.0,15673.705078125,829900
2025-02-28 00:00:00+09:00,16000.0,16015.0,15580.0,15700.0,15289.0439453125,1726100
2025-03-03 00:00:00+09:00,15895.0,15990.0,15730.0,15980.0,15561.7158203125,848900
2025-03-04 00:00:00+09:00,16010.0,16340.0,15945.0,16275.0,15848.9931640625,1592400
2025-03-05 00:00:00+09:00,16350.0,16595.0,16175.0,16500.0,16068.103515625,1297400
2025-03-06 00:00:00+09:00,16790.0,17025.0,16770.0,16940.0,16496.5859375,2061700
2025-03-07 00:00:00+09:00,16880.0,16975.0,16715.0,16970.0,16525.802734375,903300
2025-03-10 00:00:00+09:00,17060.0,17060.0,16765.0,17030.0,16584.23046875,784400
2025-03-11 00:00:00+09:00,17435.0,17620.0,16980.0,17180.0,16730.3046875,2037100
2025-03-12 00:00:00+09:00,17240.0,17245.0,16860.0,17230.0,16778.99609375,992200
2025-03-13 00:00:00+09:00,17270.0,17300.0,16765.0,16780.0,16340.7734375,1187300
2025-03-14 00:00:00+09:00,16715.0,16845.0,16490.0,16625.0,16189.83203125,1409100
2025-03-17 00:00:00+09:00,16725.0,16865.0,16695.0,16715.0,16277.4775390625,665800
2025-03-18 00:00:00+09:00,16980.0,17235.0,16920.0,17185.0,16735.173828125,836000
2025-03-19 00:00:00+09:00,17050.0,17195.0,17005.0,17015.0,16569.625,858000
2025-03-21 00:00:00+09:00,17000.0,17195.0,16960.0,17105.0,16657.26953125,1079000
2025-03-24 00:00:00+09:00,17155.0,17155.0,16850.0,16905.0,16462.50390625,482400
2025-03-25 00:00:00+09:00,17090.0,17225.0,17010.0,17205.0,16754.650390625,722700
2025-03-26 00:00:00+09:00,17400.0,17450.0,17145.0,17185.0,16735.173828125,836700
2025-03-27 00:00:00+09:00,17155.0,17170.0,16965.0,17120.0,16671.875,954500
2025-03-28 00:00:00+09:00,16810.0,16930.0,16715.0,16805.0,16504.912109375,884700
2025-03-31 00:00:00+09:00,16305.0,16385.0,16140.0,16140.0,15851.7861328125,1320200
2025-04-01 00:00:00+09:00,16120.0,16250.0,16000.0,16000.0,15714.2861328125,974400
2025-04-02 00:00:00+09:00,16085.0,16175.0,15890.0,16010.0,15724.107421875,850700
2025-04-03 00:00:00+09:00,15500.0,15860.0,15500.0,15820.0,15537.5009765625,1442500
2025-04-04 00:00:00+09:00,15800.0,16070.0,15695.0,16000.0,15714.2861328125,1659100
2025-04-07 00:00:00+09:00,15200.0,15765.0,14935.0,15160.0,14889.2861328125,2565000
2025-04-08 00:00:00+09:00,15560.0,15880.0,15425.0,15640.0,15360.71484375,1253400
2025-04-09 00:00:00+09:00,15490.0,15600.0,14940.0,15300.0,15026.7861328125,1588300
2025-04-10 00:00:00+09:00,16490.0,16490.0,16025.0,16345.0,16053.1259765625,1337000
2025-04-11 00:00:00+09:00,15455.0,15870.0,15230.0,15815.0,15532.5908203125,1910800
2025-04-14 00:00:00+09:00,16105.0,16170.0,15825.0,15850.0,15566.96484375,821700
2025-04-15 00:00:00+09:00,16000.0,16020.0,15780.0,15820.0,15537.5009765625,799400
2025-04-16 00:00:00+09:00,15800.0,15850.0,15695.0,15850.0,15566.96484375,511300
2025-04-17 00:00:00+09:00,16025.0,16360.0,15900.0,16325.0,16033.4833984375,891600
2025-04-18 00:00:00+09:00,16165.0,16290.0,16090.0,16265.0,15974.5546875,473200
2025-04-21 00:00:00+09:00,16200.0,16205.0,15910.0,16000.0,15714.2861328125,596500
2025-04-22 00:00:00+09:00,15965.0,15995.0,15795.0,15905.0,15620.982421875,676000
2025-04-23 00:00:00+09:00,16305.0,16315.0,16095.0,16195.0,15905.8046875,872200
2025-04-24 00:00:00+09:00,16100.0,16140.0,15955.0,15985.0,15699.5546875,1014900
2025-04-25 00:00:00+09:00,16000.0,16115.0,15980.0,16025.0,15738.83984375,838300
2025-04-28 00:00:00+09:00,16180.0,16260.0,16075.0,16120.0,15832.1435546875,531600
2025-04-30 00:00:00+09:00,16275.0,16350.0,16200.0,16295.0,16004.0185546875,870200
2025-05-01 00:00:00+09:00,16365.0,16510.0,16130.0,16450.0,16156.2509765625,810900
2025-05-02 00:00:00+09:00,16690.0,17345.0,16650.0,17260.0,16951.787109375,1831100
2025-05-07 00:00:00+09:00,17275.0,17275.0,16860.0,16900.0,16598.21484375,1448900
2025-05-08 00:00:00+09:00,16890.0,16955.0,16685.0,16910.0,16608.037109375,860400
2025-05-09 00:00:00+09:00,16400.0,16405.0,15975.0,16000.0,15714.2861328125,3099300
2025-05-12 00:00:00+09:00,16160.0,16195.0,15990.0,16150.0,15861.607421875,1007800
2025-05-13 00:00:00+09:00,16400.0,16875.0,16370.0,16745.0,16445.982421875,1706000
2025-05-14 00:00:00+09:00,16635.0,16635.0,16165.0,16305.0,16013.83984375,1040100
2025-05-15 00:00:00+09:00,16250.0,16250.0,16105.0,16105.0,15817.412109375,665900
2025-05-16 00:00:00+09:00,16105.0,16150.0,15980.0,16030.0,15743.7509765625,901900
2025-05-19 00:00:00+09:00,16000.0,16080.0,15940.0,15940.0,15655.3583984375,771400
2025-05-20 00:00:00+09:00,15900.0,16035.0,15840.0,15875.0,15591.5185546875,937700
2025-05-21 00:00:00+09:00,15970.0,16075.0,15865.0,15865.0,15581.697265625,908400
2025-05-22 00:00:00+09:00,15560.0,15820.0,15470.0,15780.0,15498.21484375,1077200
2025-05-23 00:00:00+09:00,15800.0,15880.0,15770.0,15820.0,15537.5009765625,773600
2025-05-26 00:00:00+09:00,15865.0,16015.0,15820.0,16010.0,15724.107421875,695100
2025-05-27 00:00:00+09:00,16010.0,16145.0,15970.0,16145.0,15856.697265625,699700
2025-05-28 00:00:00+09:00,16280.0,16365.0,16145.0,16145.0,15856.697265625,886000
2025-05-29 00:00:00+09:00,16180.0,16470.0,16180.0,16450.0,16156.2509765625,899800
2025-05-30 00:00:00+09:00,16395.0,16585.0,16355.0,16585.0,16288.83984375,2123900
2025-06-02 00:00:00+09:00,16255.0,16435.0,16145.0,16245.0,15954.9111328125,770800
2025-06-03 00:00:00+09:00,16300.0,16510.0,16235.0,16425.0,16131.697265625,686700
2025-06-04 00:00:00+09:00,16570.0,16640.0,16440.0,16555.0,16259.3759765625,826500
2025-06-05 00:00:00+09:00,16310.0,16445.0,16235.0,16375.0,16082.58984375,709500
2025-06-06 00:00:00+09:00,16390.0,16460.0,16240.0,16280.0,15989.2861328125,617600
2025-06-09 00:00:00+09:00,16425.0,16515.0,16310.0,16310.0,16018.75,779900
2025-06-10 00:00:00+09:00,16570.0,16700.0,16505.0,16570.0,16274.107421875,971100
2025-06-11 00:00:00+09:00,16570.0,16675.0,16415.0,16490.0,16195.5361328125,738400
2025-06-12 00:00:00+09:00,16440.0,16510.0,16345.0,16485.0,16190.6259765625,673800
2025-06-13 00:00:00+09:00,16630.0,16630.0,16400.0,16585.0,16288.83984375,1386400
2025-06-16 00:00:00+09:00,16665.0,16775.0,16245.0,16275.0,15984.3759765625,1031800
2025-06-17 00:00:00+09:00,16265.0,16310.0,15985.0,16100.0,15812.5009765625,998200
2025-06-18 00:00:00+09:00,16000.0,16245.0,15980.0,16220.0,15930.3583984375,639600
2025-06-19 00:00:00+09:00,16100.0,16115.0,15975.0,16055.0,15768.3037109375,555400
2025-06-20 00:00:00+09:00,16055.0,16125.0,15995.0,16060.0,15773.21484375,971000
2025-06-23 00:00:00+09:00,16030.0,16330.0,15960.0,16330.0,16038.3935546875,742100
2025-06-24 00:00:00+09:00,16410.0,16605.0,16300.0,16425.0,16131.697265625,794900
2025-06-25 00:00:00+09:00,16660.0,16670.0,16370.0,16405.0,16112.0537109375,799300
2025-06-26 00:00:00+09:00,16250.0,16310.0,16140.0,16215.0,15925.447265625,874000
2025-06-27 00:00:00+09:00,16465.0,16485.0,16305.0,16345.0,16053.1259765625,871400
2025-06-30 00:00:00+09:00,16755.0,17125.0,16685.0,17025.0,16720.984375,2132500
2025-07-01 00:00:00+09:00,17160.0,17280.0,16750.0,16830.0,16529.46484375,1088400
2025-07-02 00:00:00+09:00,16935.0,17670.0,16870.0,17605.0,17290.626953125,2239800
2025-07-03 00:00:00+09:00,17730.0,17785.0,17490.0,17615.0,17300.447265625,2023600
2025-07-04 00:00:00+09:00,17680.0,17965.0,17595.0,17905.0,17585.26953125,1646000
2025-07-07 00:00:00+09:00,18000.0,18055.0,17770.0,17910.0,17590.1796875,1396600
2025-07-08 00:00:00+09:00,18210.0,18480.0,18055.0,18160.0,17835.71484375,1841600
2025-07-09 00:00:00+09:00,18300.0,18450.0,18000.0,18095.0,17771.876953125,1087000
2025-07-10 00:00:00+09:00,17880.0,18115.0,17830.0,18110.0,17786.607421875,1199800
2025-07-11 00:00:00+09:00,18495.0,19135.0,18205.0,19095.0,18754.01953125,2347400
2025-07-14 00:00:00+09:00,19095.0,19190.0,18680.0,18880.0,18542.857421875,1324300
2025-07-15 00:00:00+09:00,18870.0,18880.0,18320.0,18390.0,18061.607421875,1517900
2025-07-16 00:00:00+09:00,18390.0,18450.0,18130.0,18210.0,17884.822265625,1041900
2025-07-17 00:00:00+09:00,17985.0,18120.0,17905.0,18050.0,17727.6796875,946500
2025-07-18 00:00:00+09:00,18250.0,18270.0,18005.0,18065.0,17742.412109375,722400
2025-07-22 00:00:00+09:00,18180.0,18460.0,18155.0,18305.0,17978.126953125,1087600
2025-07-23 00:00:00+09:00,18850.0,19075.0,18695.0,19000.0,18660.71484375,2017400
2025-07-24 00:00:00+09:00,19200.0,19720.0,19190.0,19635.0,19284.376953125,2305300
2025-07-25 00:00:00+09:00,19495.0,19500.0,19120.0,19175.0,18832.58984375,1142200
2025-07-28 00:00:00+09:00,19295.0,19405.0,19215.0,19245.0,18901.33984375,764400
2025-07-29 00:00:00+09:00,19105.0,19200.0,18975.0,19200.0,18857.142578125,617800
2025-07-30 00:00:00+09:00,19000.0,19065.0,18750.0,18850.0,18513.39453125,1016800
2025-07-31 00:00:00+09:00,18835.0,18855.0,18515.0,18625.0,18292.412109375,1114600
2025-08-01 00:00:00+09:00,18810.0,18975.0,18580.0,18800.0,18464.287109375,908000
2025-08-04 00:00:00+09:00,18500.0,18700.0,18340.0,18610.0,18277.6796875,920700
2025-08-05 00:00:00+09:00,18610.0,18685.0,18370.0,18520.0,18189.287109375,993900
2025-08-06 00:00:00+09:00,18920.0,19385.0,18725.0,19080.0,18739.287109375,2620400
2025-08-07 00:00:00+09:00,19160.0,19640.0,19120.0,19565.0,19215.626953125,1603800
2025-08-08 00:00:00+09:00,19675.0,20080.0,19570.0,20050.0,19691.966796875,2341600
2025-08-12 00:00:00+09:00,20050.0,20185.0,19945.0,19990.0,19633.03515625,1249200
2025-08-13 00:00:00+09:00,20025.0,20210.0,19915.0,20090.0,19731.251953125,1193700
2025-08-14 00:00:00+09:00,20135.0,20135.0,19765.0,19805.0,19451.341796875,1062900
2025-08-15 00:00:00+09:00,19805.0,19945.0,19725.0,19850.0,19495.537109375,841100
2025-08-18 00:00:00+09:00,20000.0,20155.0,19810.0,19860.0,19505.359375,718900
2025-08-19 00:00:00+09:00,19850.0,19860.0,19590.0,19740.0,19387.5,622000
2025-08-20 00:00:00+09:00,20000.0,20165.0,19730.0,19960.0,19603.572265625,1083300
2025-08-21 00:00:00+09:00,19990.0,20055.0,19835.0,19945.0,19588.83984375,771500
2025-08-22 00:00:00+09:00,19840.0,19850.0,19445.0,19480.0,19132.142578125,793900
2025-08-25 00:00:00+09:00,19790.0,19870.0,19665.0,19805.0,19451.341796875,769300
2025-08-26 00:00:00+09:00,19700.0,19740.0,19175.0,19365.0,19019.197265625,1196100
2025-08-27 00:00:00+09:00,19310.0,19325.0,18990.0,19040.0,18700.001953125,736100
2025-08-28 00:00:00+09:00,18945.0,18975.0,18715.0,18750.0,18415.177734375,951000
2025-08-29 00:00:00+09:00,18690.0,18710.0,18565.0,18600.0,18267.857421875,1065700
2025-09-01 00:00:00+09:00,18575.0,18695.0,18315.0,18430.0,18100.892578125,839200
2025-09-02 00:00:00+09:00,18300.0,18425.0,18100.0,18200.0,17875.0,842100
2025-09-03 00:00:00+09:00,18100.0,18105.0,17870.0,17880.0,17560.71484375,941000
2025-09-04 00:00:00+09:00,17900.0,18265.0,17850.0,18200.0,17875.0,1150200
2025-09-05 00:00:00+09:00,18315.0,18485.0,18300.0,18420.0,18091.072265625,864800
2025-09-08 00:00:00+09:00,18690.0,18750.0,18550.0,18665.0,18331.697265625,850900
2025-09-09 00:00:00+09:00,18775.0,18805.0,18445.0,18535.0,18204.01953125,805500
2025-09-10 00:00:00+09:00,18395.0,18435.0,17940.0,18135.0,17811.162109375,1417600
2025-09-11 00:00:00+09:00,18100.0,18205.0,18020.0,18110.0,17786.607421875,619100
2025-09-12 00:00:00+09:00,18120.0,18155.0,17615.0,17720.0,17403.572265625,1953000
2025-09-16 00:00:00+09:00,17550.0,17880.0,17460.0,17645.0,17329.912109375,1232200
2025-09-17 00:00:00+09:00,17455.0,17665.0,17390.0,17665.0,17349.5546875,819000
2025-09-18 00:00:00+09:00,17555.0,17695.0,17505.0,17650.0,17334.822265625,1000200
2025-09-19 00:00:00+09:00,17735.0,17815.0,17290.0,17380.0,17069.64453125,1308600
2025-09-22 00:00:00+09:00,17350.0,17495.0,17215.0,17240.0,16932.142578125,750700
2025-09-24 00:00:00+09:00,17155.0,17180.0,16915.0,17180.0,16873.21484375,1442900
2025-09-25 00:00:00+09:00,17290.0,17345.0,17170.0,17255.0,16946.875,1028200
2025-09-26 00:00:00+09:00,17250.0,17580.0,17205.0,17465.0,17153.125,1141800
2025-09-29 00:00:00+09:00,17410.0,17470.0,17060.0,17115.0,16969.6953125,1050000
2025-09-30 00:00:00+09:00,17040.0,17140.0,17005.0,17080.0,16934.994140625,1012600
2025-10-01 00:00:00+09:00,17115.0,17465.0,17115.0,17420.0,17272.107421875,1234100
2025-10-02 00:00:00+09:00,17375.0,17565.0,17115.0,17115.0,16969.6953125,974600
2025-10-03 00:00:00+09:00,17110.0,17455.0,17065.0,17455.0,17306.810546875,768200
2025-10-06 00:00:00+09:00,18400.0,18435.0,17845.0,18025.0,17871.970703125,1806700
2025-10-07 00:00:00+09:00,18050.0,18060.0,17870.0,17870.0,17718.287109375,922200
2025-10-08 00:00:00+09:00,17865.0,17880.0,17580.0,17650.0,17500.154296875,879900
2025-10-09 00:00:00+09:00,17630.0,17875.0,17580.0,17810.0,17658.794921875,856900
2025-10-10 00:00:00+09:00,17860.0,17860.0,17545.0,17545.0,17396.044921875,1103800
2025-10-14 00:00:00+09:00,17215.0,17425.0,17100.0,17280.0,17133.294921875,1239000
2025-10-15 00:00:00+09:00,17500.0,17710.0,17390.0,17630.0,17480.32421875,991300
2025-10-16 00:00:00+09:00,17815.0,17905.0,17645.0,17815.0,17663.75390625,857600
2025-10-17 00:00:00+09:00,17810.0,18045.0,17755.0,17830.0,17678.626953125,747300
2025-10-20 00:00:00+09:00,17960.0,18170.0,17890.0,17990.0,17837.267578125,977400
2025-10-21 00:00:00+09:00,18170.0,18350.0,18075.0,18300.0,18144.63671875,848400
2025-10-22 00:00:00+09:00,18250.0,18510.0,18230.0,18450.0,18293.36328125,872700
2025-10-23 00:00:00+09:00,18235.0,18260.0,17715.0,18030.0,17876.927734375,1322000
2025-10-24 00:00:00+09:00,18400.0,18595.0,18315.0,18330.0,18174.380859375,926000
2025-10-27 00:00:00+09:00,18645.0,18925.0,18590.0,18690.0,18531.32421875,1074200
2025-10-28 00:00:00+09:00,18815.0,18860.0,18505.0,18570.0,18412.34375,960100
2025-10-29 00:00:00+09:00,18410.0,18505.0,18035.0,18035.0,17881.884765625,1135700
2025-10-30 00:00:00+09:00,18035.0,18090.0,17930.0,18000.0,17847.18359375,1007800
2025-10-31 00:00:00+09:00,18185.0,18200.0,17925.0,17975.0,17822.39453125,769000
2025-11-04 00:00:00+09:00,17900.0,18275.0,17890.0,18070.0,17916.587890625,1109500
2025-11-05 00:00:00+09:00,18120.0,18305.0,17750.0,17900.0,17748.03125,1512400
2025-11-06 00:00:00+09:00,18790.0,19575.0,18440.0,19295.0,19131.1875,3093800
2025-11-07 00:00:00+09:00,19385.0,19850.0,19335.0,19775.0,19607.11328125,2008400
2025-11-10 00:00:00+09:00,19700.0,19790.0,19455.0,19710.0,19542.666015625,875700
2025-11-11 00:00:00+09:00,19730.0,19780.0,19530.0,19740.0,19572.41015625,658500
2025-11-12 00:00:00+09:00,19975.0,20245.0,19790.0,20190.0,20018.58984375,1168400
2025-11-13 00:00:00+09:00,20200.0,20840.0,20135.0,20770.0,20593.666015625,1434800
2025-11-14 00:00:00+09:00,20770.0,20910.0,20220.0,20595.0,20420.15234375,1299800
2025-11-17 00:00:00+09:00,20230.0,20420.0,19725.0,19935.0,19765.755859375,1022500
2025-11-18 00:00:00+09:00,19740.0,19810.0,19190.0,19190.0,19027.080078125,939900
2025-11-19 00:00:00+09:00,19170.0,19430.0,19115.0,19145.0,18982.4609375,985700
2025-11-20 00:00:00+09:00,19540.0,19760.0,19425.0,19610.0,19443.513671875,831600
2025-11-21 00:00:00+09:00,19345.0,19655.0,19250.0,19560.0,19393.939453125,1542000
2025-11-25 00:00:00+09:00,19820.0,20020.0,19620.0,19730.0,19562.49609375,1128300
2025-11-26 00:00:00+09:00,20025.0,20245.0,19850.0,20095.0,19924.396484375,836600
2025-11-27 00:00:00+09:00,20360.0,20485.0,20105.0,20305.0,20132.61328125,802100
2025-11-28 00:00:00+09:00,20310.0,20460.0,20190.0,20285.0,20112.783203125,916100
2025-12-01 00:00:00+09:00,20085.0,20300.0,19820.0,19945.0,19775.669921875,679500
2025-12-02 00:00:00+09:00,20000.0,20030.0,19750.0,19770.0,19602.15625,640000
2025-12-03 00:00:00+09:00,19735.0,19885.0,19655.0,19770.0,19602.15625,643700
2025-12-04 00:00:00+09:00,19795.0,20250.0,19715.0,20250.0,20078.080078125,753900
2025-12-05 00:00:00+09:00,20000.0,20185.0,19710.0,19710.0,19542.666015625,803800
2025-12-08 00:00:00+09:00,19640.0,19760.0,19570.0,19760.0,19592.240234375,533900
2025-12-09 00:00:00+09:00,19655.0,19795.0,19360.0,19500.0,19334.447265625,567500
2025-12-10 00:00:00+09:00,19330.0,19600.0,19320.0,19450.0,19284.873046875,531200
2025-12-11 00:00:00+09:00,19830.0,19975.0,19510.0,19615.0,19448.470703125,823900
2025-12-12 00:00:00+09:00,19870.0,20000.0,19615.0,20000.0,19830.203125,813800
2025-12-15 00:00:00+09:00,19665.0,19745.0,19480.0,19525.0,19359.236328125,467300
2025-12-16 00:00:00+09:00,19525.0,19810.0,19375.0,19695.0,19527.79296875,838100
2025-12-17 00:00:00+09:00,19890.0,19905.0,19340.0,19550.0,19384.0234375,880000
2025-12-18 00:00:00+09:00,19480.0,19645.0,19375.0,19635.0,19468.302734375,685400
2025-12-19 00:00:00+09:00,19895.0,19895.0,19425.0,19585.0,19418.7265625,972200
2025-12-22 00:00:00+09:00,20095.0,20340.0,19915.0,20220.0,20048.3359375,973700
2025-12-23 00:00:00+09:00,20300.0,20400.0,20200.0,20350.0,20177.232421875,556900
2025-12-24 00:00:00+09:00,20190.0,20315.0,20110.0,20155.0,19983.88671875,601700
2025-12-25 00:00:00+09:00,20155.0,20275.0,20125.0,20265.0,20092.953125,213400
2025-12-26 00:00:00+09:00,20390.0,20445.0,20145.0,20300.0,20127.65625,598000
2025-12-29 00:00:00+09:00,20125.0,20165.0,19805.0,19890.0,19721.13671875,630500
2025-12-30 00:00:00+09:00,19890.0,20080.0,19875.0,20080.0,19909.5234375,463600
2026-01-05 00:00:00+09:00,20350.0,20530.0,20210.0,20250.0,20078.080078125,830600
2026-01-06 00:00:00+09:00,20450.0,20495.0,20240.0,20315.0,20142.529296875,753600
2026-01-07 00:00:00+09:00,19890.0,20050.0,19515.0,19620.0,19453.4296875,1857700
2026-01-08 00:00:00+09:00,19400.0,19580.0,19085.0,19130.0,18967.58984375,1562100
2026-01-09 00:00:00+09:00,19295.0,19520.0,19130.0,19330.0,19165.890625,1471400
2026-01-13 00:00:00+09:00,19660.0,19825.0,19505.0,19755.0,19587.283203125,1587600
2026-01-14 00:00:00+09:00,19965.0,20080.0,19700.0,19700.0,19532.75,1107300
2026-01-15 00:00:00+09:00,19700.0,19895.0,19475.0,19750.0,19582.326171875,921900
2026-01-16 00:00:00+09:00,19730.0,20090.0,19680.0,20025.0,19854.990234375,1062100
2026-01-19 00:00:00+09:00,19875.0,19900.0,19580.0,19865.0,19696.349609375,727600
2026-01-20 00:00:00+09:00,19625.0,19755.0,19620.0,19720.0,19552.580078125,740600
2026-01-21 00:00:00+09:00,19320.0,19695.0,19205.0,19650.0,19483.173828125,1057800
2026-01-22 00:00:00+09:00,19985.0,20320.0,19500.0,19535.0,19369.150390625,1756000
2026-01-23 00:00:00+09:00,19855.0,19865.0,19510.0,19755.0,19587.283203125,1022100
2026-01-26 00:00:00+09:00,19390.0,19430.0,19215.0,19325.0,19160.93359375,995900
2026-01-27 00:00:00+09:00,19205.0,19250.0,18985.0,19020.0,18858.5234375,989700
2026-01-28 00:00:00+09:00,18905.0,18980.0,18450.0,18450.0,18293.36328125,1307000
2026-01-29 00:00:00+09:00,18390.0,18445.0,18140.0,18305.0,18149.59375,1368800
2026-01-30 00:00:00+09:00,18360.0,18595.0,18275.0,18585.0,18427.216796875,1132500
2026-02-02 00:00:00+09:00,18970.0,19215.0,18805.0,19000.0,18838.693359375,1272600
2026-02-03 00:00:00+09:00,19115.0,19580.0,19020.0,19580.0,19413.76953125,1251900
2026-02-04 00:00:00+09:00,19395.0,19575.0,19175.0,19375.0,19210.509765625,1271300
2026-02-05 00:00:00+09:00,17860.0,18390.0,17740.0,17935.0,17782.734375,3566900
2026-02-06 00:00:00+09:00,17550.0,18045.0,17380.0,18010.0,17857.09765625,1980600
2026-02-09 00:00:00+09:00,18800.0,19090.0,18390.0,18550.0,18392.513671875,2519300
2026-02-10 00:00:00+09:00,18550.0,19090.0,18480.0,18755.0,18595.7734375,1766700
2026-02-12 00:00:00+09:00,18935.0,19525.0,18895.0,19400.0,19235.296875,1824000
2026-02-13 00:00:00+09:00,19235.0,19610.0,19205.0,19370.0,19205.55078125,2000900
2026-02-16 00:00:00+09:00,19645.0,19870.0,19485.0,19790.0,19621.986328125,1145000
2026-02-17 00:00:00+09:00,19730.0,19990.0,19555.0,19885.0,19716.1796875,907000
2026-02-18 00:00:00+09:00,20000.0,20240.0,19920.0,20200.0,20028.505859375,1008200
2026-02-19 00:00:00+09:00,20200.0,20205.0,19935.0,19980.0,19810.373046875,973100
2026-02-20 00:00:00+09:00,19890.0,19960.0,19675.0,19730.0,19562.49609375,1037100
2026-02-24 00:00:00+09:00,19560.0,20655.0,19530.0,20465.0,20291.255859375,1454400
2026-02-25 00:00:00+09:00,20910.0,20915.0,20490.0,20530.0,20355.703125,1053500
2026-02-26 00:00:00+09:00,20535.0,20600.0,19700.0,19700.0,19532.75,1320800
2026-02-27 00:00:00+09:00,19730.0,19945.0,19660.0,19915.0,19745.923828125,1271100
2026-03-02 00:00:00+09:00,19785.0,20105.0,19550.0,20105.0,19934.3125,1195800
2026-03-03 00:00:00+09:00,20300.0,20355.0,19325.0,19480.0,19314.6171875,1441600
2026-03-04 00:00:00+09:00,19080.0,19110.0,18635.0,18935.0,18774.244140625,1351800
2026-03-05 00:00:00+09:00,19720.0,19825.0,19325.0,19600.0,19433.599609375,1801400
2026-03-06 00:00:00+09:00,19290.0,19970.0,19290.0,19970.0,19800.45703125,878400
2026-03-09 00:00:00+09:00,18870.0,19150.0,18560.0,19045.0,18883.310546875,1570300
2026-03-10 00:00:00+09:00,19370.0,19425.0,18975.0,19225.0,19061.783203125,1286600
2026-03-11 00:00:00+09:00,19250.0,19640.0,19150.0,19400.0,19235.296875,1197100
2026-03-12 00:00:00+09:00,19290.0,19525.0,19180.0,19420.0,19255.126953125,1070300
2026-03-13 00:00:00+09:00,18500.0,19530.0,18500.0,19055.0,18893.2265625,1731900
2026-03-16 00:00:00+09:00,18630.0,18985.0,18630.0,18900.0,18739.541015625,1116200
2026-03-17 00:00:00+09:00,19075.0,19240.0,18975.0,19110.0,18947.759765625,821600
2026-03-18 00:00:00+09:00,19105.0,19780.0,19040.0,19780.0,19612.0703125,924000
2026-03-19 00:00:00+09:00,19380.0,19590.0,19275.0,19370.0,19205.55078125,1240000
2026-03-23 00:00:00+09:00,18755.0,18880.0,18465.0,18630.0,18471.833984375,1533000
2026-03-24 00:00:00+09:00,19030.0,19350.0,18945.0,19350.0,19185.720703125,1256100
2026-03-25 00:00:00+09:00,19700.0,19885.0,19640.0,19765.0,19597.197265625,1166800
2026-03-26 00:00:00+09:00,20165.0,20545.0,20115.0,20510.0,20335.873046875,1539300
2026-03-27 00:00:00+09:00,19900.0,20000.0,18815.0,19435.0,19270.0,2785000
2026-03-30 00:00:00+09:00,18600.0,19035.0,18435.0,18985.0,18985.0,1483000
2026-03-31 00:00:00+09:00,18620.0,19040.0,18525.0,18685.0,18685.0,1293300
2026-04-01 00:00:00+09:00,19515.0,19720.0,19240.0,19695.0,19695.0,1297700
2026-04-02 00:00:00+09:00,19745.0,19965.0,19450.0,19545.0,19545.0,983200
2026-04-03 00:00:00+09:00,19755.0,19940.0,19720.0,19765.0,19765.0,618200
2026-04-06 00:00:00+09:00,19700.0,19765.0,19485.0,19485.0,19485.0,567700
2026-04-07 00:00:00+09:00,19610.0,19760.0,19470.0,19715.0,19715.0,567200
2026-04-08 00:00:00+09:00,20600.0,20680.0,20140.0,20365.0,20365.0,1077000
2026-04-09 00:00:00+09:00,20150.0,20445.0,20130.0,20280.0,20280.0,847700
2026-04-10 00:00:00+09:00,20325.0,20825.0,20325.0,20635.0,20635.0,1171300
2026-04-13 00:00:00+09:00,20250.0,20460.0,20095.0,20235.0,20235.0,1485100
2026-04-14 00:00:00+09:00,20385.0,20495.0,20245.0,20490.0,20490.0,837400
2026-04-15 00:00:00+09:00,20520.0,20575.0,20205.0,20250.0,20250.0,720600
2026-04-16 00:00:00+09:00,22250.0,23065.0,22070.0,22090.0,22090.0,3536800
2026-04-17 00:00:00+09:00,22110.0,22245.0,21315.0,21315.0,21315.0,1520900
2026-04-20 00:00:00+09:00,21660.0,22285.0,21570.0,22240.0,22240.0,1518000
2026-04-21 00:00:00+09:00,22005.0,22105.0,21630.0,21630.0,21630.0,1089800
2026-04-22 00:00:00+09:00,21500.0,21635.0,21235.0,21235.0,21235.0,795500
2026-04-23 00:00:00+09:00,21100.0,21385.0,20905.0,21090.0,21090.0,859300
2026-04-24 00:00:00+09:00,21435.0,21615.0,21285.0,21565.0,21565.0,825400
